M = 0.268427
rho = 0.000523748
v = 512.512
T = 2412.97
