M = 0.294273
rho = 0.000496471
v = 592.73
T = 2498.57
