M = 0.302229
rho = 0.000450354
v = 671.093
T = 2375.39
