M = 0.300779
rho = 0.000483976
v = 621.475
T = 2481.77
