M = 0.286708
rho = 0.000421559
v = 680.114
T = 2262.18
