M = 0.247173
rho = 0.000538673
v = 458.856
T = 2309.94
