M = 0.180983
rho = 0.000571527
v = 316.665
T = 2006.78
