M = 0.304236
rho = 0.000460969
v = 659.994
T = 2419.52
