M = 0.300871
rho = 0.000483976
v = 621.665
T = 2486.21
