M = 0.298417
rho = 0.000440274
v = 677.799
T = 2345.48
