M = 0.304009
rho = 0.00047216
v = 643.87
T = 2455.25
