M = 0.279505
rho = 0.000412857
v = 677.002
T = 2237.52
