M = 0.302272
rho = 0.000450354
v = 671.186
T = 2382.6
