M = 0.294355
rho = 0.000496471
v = 592.895
T = 2503.23
