TITLE="Graphics"
VARIABLES= "x", "T_0", "Y_H2_0", "Y_H_0", "Y_O2_0", "Y_O_0", "Y_OH_0", "Y_HO2_0", "Y_H2O_0", "Y_H2O2_0", "Y_N2_0"
-2.0 300.0 0.05544149 7.803692e-26 0.2200042 5.744863e-21 1.09638e-22 7.360695e-20 1.641632e-19 2.969771e-21 0.7245543
-1.0 300.0 0.05544149 1.55926e-23 0.2200042 3.690798e-18 7.160322e-20 7.222495e-17 1.476708e-16 2.931104e-18 0.7245543
-0.1 300.0 0.05544149 2.588088e-20 0.2200042 2.691901e-15 1.742352e-16 5.602558e-14 1.123592e-13 2.474021e-15 0.7245543
0.0 300.0 0.05544148 1.181123e-17 0.2200042 1.271033e-13 9.709135e-14 2.664629e-12 5.549394e-12 1.381066e-13 0.7245543
0.05 300.0004 0.0554413 8.983744e-16 0.2200043 3.282226e-12 7.471899e-12 8.463727e-11 1.840766e-10 5.220826e-12 0.7245544
0.098 300.0109 0.05543819 5.802617e-14 0.2200054 1.031359e-10 4.834715e-10 3.216951e-09 7.544261e-09 2.45831e-10 0.7245564
0.1 300.017 0.05543691 1.469261e-13 0.2200059 1.751243e-10 1.162003e-09 5.549558e-09 1.424821e-08 5.028737e-10 0.7245572
0.1083333 300.1106 0.05542195 1.745132e-12 0.2200112 1.47053e-09 1.420691e-08 6.230867e-08 1.708019e-07 7.0282e-09 0.7245666
0.1166667 300.608 0.05536311 1.423228e-11 0.2200314 9.711368e-09 1.119428e-07 5.41111e-07 1.477485e-06 6.703904e-08 0.7246032
0.1208333 301.6603 0.05526928 6.167905e-11 0.2200616 3.051757e-08 4.045767e-07 2.129313e-06 5.716908e-06 2.796381e-07 0.7246605
0.1229167 303.034 0.05517137 2.338305e-10 0.2200895 6.215956e-08 8.996617e-07 5.250819e-06 1.365403e-05 7.051189e-07 0.7247186
0.125 305.8725 0.05500351 1.450123e-09 0.2201277 1.371036e-07 2.167494e-06 1.449369e-05 3.600545e-05 1.969846e-06 0.724814
0.1255208 307.0517 0.05494306 3.297625e-09 0.2201372 1.726698e-07 2.82302e-06 1.956294e-05 4.784357e-05 2.660504e-06 0.7248467
0.1260417 308.5406 0.05487214 6.794318e-09 0.2201446 2.207788e-07 3.742507e-06 2.700004e-05 6.495676e-05 3.680058e-06 0.7248837
0.1265625 310.4176 0.05478909 1.374086e-08 0.2201479 2.861314e-07 5.042578e-06 3.778327e-05 8.961836e-05 5.176486e-06 0.7249251
0.1270833 312.779 0.05469207 2.765721e-08 0.220144 3.754578e-07 6.900936e-06 5.319094e-05 0.0001250139 7.355622e-06 0.724971
0.1273437 314.186 0.05463755 3.981097e-08 0.2201379 4.328366e-07 8.14393e-06 6.322221e-05 0.0001484103 8.806622e-06 0.7249955
0.1276042 315.7711 0.05457859 5.698762e-08 0.2201277 5.011232e-07 9.664661e-06 7.522147e-05 0.0001767846 1.057519e-05 0.7250209
0.1278646 317.555 0.0545149 8.123695e-08 0.2201124 5.826185e-07 1.1532e-05 8.946678e-05 0.0002111281 1.272269e-05 0.7250472
0.128125 319.5604 0.05444619 1.153758e-07 0.220091 6.801798e-07 1.383349e-05 0.0001062358 0.0002526038 1.531907e-05 0.725074
0.1282552 320.6554 0.05440984 1.376067e-07 0.2200775 7.363366e-07 1.518916e-05 0.0001156663 0.000276533 1.681548e-05 0.7250876
0.1283854 321.8171 0.05437209 1.639317e-07 0.2200618 7.981404e-07 1.67039e-05 0.0001258646 0.0003028998 1.846306e-05 0.7251012
0.1285156 323.0492 0.05433291 1.950699e-07 0.2200437 8.662163e-07 1.839752e-05 0.0001368612 0.0003319302 2.02745e-05 0.7251148
0.1286458 324.3552 0.05429227 2.318556e-07 0.220023 9.41264e-07 2.029232e-05 0.0001486826 0.0003638667 2.226312e-05 0.7251285
0.128776 325.7389 0.05425012 2.752547e-07 0.2199994 1.024067e-06 2.241333e-05 0.0001613498 0.0003989698 2.444285e-05 0.7251421
0.1289063 327.2042 0.05420644 3.263827e-07 0.2199726 1.115503e-06 2.478861e-05 0.0001748774 0.0004375178 2.682811e-05 0.7251555
0.1290365 328.7549 0.05416118 3.865244e-07 0.2199424 1.21655e-06 2.74495e-05 0.0001892721 0.0004798072 2.94338e-05 0.7251689
0.1291667 330.3953 0.05411431 4.571558e-07 0.2199085 1.328303e-06 3.04309e-05 0.0002045319 0.0005261533 3.22752e-05 0.725182
0.1292969 332.1292 0.05406581 5.399679e-07 0.2198706 1.451981e-06 3.377155e-05 0.0002206444 0.0005768899 3.536786e-05 0.7251949
0.1294271 333.9608 0.05401565 6.368919e-07 0.2198284 1.588939e-06 3.751428e-05 0.0002375861 0.0006323691 3.872751e-05 0.7252075
0.1295573 335.8942 0.05396378 7.501269e-07 0.2197815 1.740681e-06 4.170619e-05 0.0002553214 0.0006929612 4.236992e-05 0.7252198
0.1296875 337.9336 0.0539102 8.821691e-07 0.2197297 1.908869e-06 4.639884e-05 0.0002738015 0.0007590536 4.631076e-05 0.7252317
0.1298177 340.083 0.05385488 1.035842e-06 0.2196726 2.095335e-06 5.164835e-05 0.000292964 0.0008310501 5.056546e-05 0.7252432
0.1299479 342.3464 0.05379779 1.214331e-06 0.2196098 2.30209e-06 5.751541e-05 0.0003127328 0.0009093699 5.514898e-05 0.7252541
0.1300781 344.7278 0.05373892 1.42121e-06 0.219541 2.531331e-06 6.406519e-05 0.0003330177 0.0009944456 6.00757e-05 0.7252645
0.1302083 347.231 0.05367825 1.660482e-06 0.2194658 2.785443e-06 7.136713e-05 0.0003537155 0.001086722 6.535913e-05 0.7252744
0.1303385 349.8595 0.05361577 1.936608e-06 0.2193838 3.067007e-06 7.949458e-05 0.0003747104 0.001186653 7.101169e-05 0.7252836
0.1304687 352.6169 0.05355147 2.254542e-06 0.2192946 3.37879e-06 8.852431e-05 0.0003958754 0.001294701 7.704449e-05 0.7252921
0.130599 355.5063 0.05348534 2.619761e-06 0.2191979 3.723742e-06 9.853577e-05 0.0004170742 0.001411333 8.3467e-05 0.7253
0.1307292 358.5306 0.05341738 3.03829e-06 0.2190933 4.104981e-06 0.0001096102 0.0004381635 0.001537018 9.028673e-05 0.7253071
0.1308594 361.6925 0.05334759 3.516737e-06 0.2189803 4.525774e-06 0.0001218296 0.0004589951 0.001672226 9.750895e-05 0.7253135
0.1309896 364.9942 0.05327597 4.062303e-06 0.2188587 4.989507e-06 0.0001352753 0.0004794192 0.001817421 0.0001051362 0.7253191
0.1311198 368.4376 0.05320253 4.682807e-06 0.2187279 5.499655e-06 0.0001500268 0.0004992874 0.001973066 0.0001131682 0.7253238
0.13125 372.0242 0.05312727 5.386691e-06 0.2185876 6.059734e-06 0.0001661595 0.0005184555 0.002139609 0.000121601 0.7253278
0.1313802 375.755 0.05305021 6.183024e-06 0.2184375 6.673255e-06 0.0001837436 0.0005367868 0.002317492 0.0001304268 0.725331
0.1315104 379.6306 0.05297136 7.081495e-06 0.218277 7.343666e-06 0.0002028419 0.0005541552 0.00250714 0.0001396339 0.7253334
0.1316406 383.6512 0.05289073 8.0924e-06 0.218106 8.07429e-06 0.0002235077 0.0005704474 0.002708965 0.0001492057 0.725335
0.1317708 387.8164 0.05280835 9.226618e-06 0.2179239 8.868253e-06 0.0002457828 0.0005855655 0.002923358 0.0001591208 0.7253359
0.131901 392.1253 0.05272424 1.049557e-05 0.2177304 9.72842e-06 0.0002696962 0.0005994285 0.003150694 0.0001693526 0.7253359
0.1320312 396.5766 0.05263842 1.19112e-05 0.2175253 1.065732e-05 0.0002952614 0.0006119738 0.003391325 0.0001798693 0.7253353
0.1321615 401.1686 0.05255091 1.348587e-05 0.2173082 1.165707e-05 0.0003224756 0.0006231573 0.003645582 0.0001906337 0.7253339
0.1322917 405.899 0.05246174 1.523235e-05 0.2170787 1.272934e-05 0.0003513177 0.0006329538 0.003913773 0.0002016032 0.7253319
0.1324219 410.765 0.05237094 1.716372e-05 0.2168367 1.387526e-05 0.000381748 0.0006413563 0.004196184 0.0002127302 0.7253293
0.1325521 415.7635 0.05227853 1.929328e-05 0.2165819 1.509538e-05 0.0004137068 0.0006483747 0.004493075 0.0002239623 0.725326
0.1326823 420.8911 0.05218455 2.163447e-05 0.2163142 1.638966e-05 0.0004471143 0.0006540348 0.004804683 0.000235243 0.7253222
0.1328125 426.1439 0.05208902 2.42008e-05 0.2160332 1.775744e-05 0.0004818711 0.000658376 0.005131219 0.000246512 0.7253178
0.1329427 431.5177 0.05199198 2.700571e-05 0.215739 1.919743e-05 0.0005178585 0.0006614493 0.005472869 0.0002577063 0.725313
0.1330729 437.008 0.05189345 3.00625e-05 0.2154313 2.070772e-05 0.000554939 0.0006633154 0.005829794 0.0002687609 0.7253076
0.1332031 442.6101 0.05179347 3.338419e-05 0.2151103 2.228585e-05 0.0005929587 0.0006640422 0.006202127 0.0002796096 0.7253019
0.1333333 448.3191 0.05169207 3.698348e-05 0.2147758 2.39288e-05 0.000631748 0.0006637028 0.006589974 0.0002901864 0.7252956
0.1334635 454.1299 0.05158928 4.087261e-05 0.2144278 2.563313e-05 0.0006711245 0.0006623731 0.006993414 0.000300426 0.725289
0.1335938 460.0373 0.05148514 4.506327e-05 0.2140666 2.739501e-05 0.0007108948 0.0006601307 0.007412497 0.0003102651 0.7252821
0.1338542 472.1235 0.0512729 5.437655e-05 0.2133046 3.107809e-05 0.0007910026 0.0006531506 0.008297291 0.0003285653 0.725267
0.1339844 478.2853 0.05116488 5.953024e-05 0.212905 3.298524e-05 0.0008307432 0.0006486761 0.008762364 0.0003368954 0.7252589
0.1341146 484.5221 0.05105562 6.502498e-05 0.2124928 3.493284e-05 0.0008700598 0.0006435928 0.00924292 0.0003446109 0.7252504
0.1342448 490.8284 0.05094516 7.086861e-05 0.2120682 3.691686e-05 0.0009087471 0.0006379684 0.009738853 0.0003516702 0.7252416
0.134375 497.1991 0.05083353 7.706802e-05 0.2116315 3.893357e-05 0.0009466053 0.0006318663 0.01025003 0.0003580379 0.7252324
0.1345052 503.6287 0.05072076 8.362914e-05 0.211183 4.097974e-05 0.0009834428 0.0006253455 0.01077627 0.0003636849 0.7252229
0.1346354 510.1122 0.05060688 9.055695e-05 0.2107231 4.305267e-05 0.001019079 0.0006184605 0.01131739 0.0003685883 0.7252129
0.1347656 516.6445 0.05049193 9.785543e-05 0.210252 4.515039e-05 0.001053345 0.0006112613 0.01187315 0.0003727319 0.7252026
0.1348958 523.2207 0.05037593 0.0001055276 0.2097701 4.727166e-05 0.001086086 0.0006037937 0.0124433 0.0003761054 0.7251919
0.135026 529.836 0.05025891 0.0001135755 0.2092778 4.941618e-05 0.001117166 0.0005960991 0.01302754 0.000378705 0.7251808
0.1351563 536.4858 0.0501409 0.0001220003 0.2087755 5.158455e-05 0.001146463 0.0005882154 0.01362558 0.0003805325 0.7251692
0.1352865 543.1656 0.05002194 0.0001308022 0.2082635 5.37784e-05 0.001173874 0.0005801769 0.01423707 0.0003815952 0.7251572
0.1354167 549.8713 0.04990205 0.0001399806 0.2077423 5.600043e-05 0.001199314 0.0005720143 0.01486166 0.0003819053 0.7251448
0.1355469 556.5986 0.04978126 0.000149534 0.2072121 5.825443e-05 0.001222717 0.0005637558 0.01549897 0.0003814799 0.7251319
0.1356771 563.3437 0.0496596 0.0001594604 0.2066735 6.05453e-05 0.001244036 0.0005554265 0.01614863 0.0003803398 0.7251185
0.1358073 570.1029 0.0495371 0.0001697569 0.2061266 6.287906e-05 0.001263242 0.0005470491 0.01681021 0.0003785098 0.7251046
0.1359375 576.8726 0.04941378 0.0001804199 0.205572 6.526283e-05 0.001280322 0.0005386443 0.01748332 0.0003760177 0.7250902
0.1360677 583.6494 0.04928967 0.0001914456 0.2050099 6.770484e-05 0.001295283 0.0005302305 0.01816752 0.0003728938 0.7250753
0.1361979 590.4302 0.0491648 0.0002028294 0.2044408 7.021436e-05 0.001308145 0.0005218243 0.01886241 0.0003691708 0.7250598
0.1363281 597.2119 0.04903919 0.0002145664 0.2038648 7.280169e-05 0.001318944 0.000513441 0.01956755 0.000364883 0.7250438
0.1364583 603.9919 0.04891287 0.0002266513 0.2032823 7.547807e-05 0.001327727 0.000505094 0.02028253 0.0003600663 0.7250273
0.1365885 610.7675 0.04878585 0.0002390785 0.2026936 7.825567e-05 0.001334557 0.0004967955 0.02100692 0.0003547572 0.7250101
0.1367188 617.5361 0.04865817 0.0002518424 0.202099 8.114749e-05 0.001339503 0.0004885567 0.02174033 0.000348993 0.7249924
0.136849 624.2956 0.04852985 0.0002649369 0.2014987 8.416727e-05 0.001342646 0.0004803873 0.02248234 0.0003428112 0.7249741
0.1369792 631.0439 0.0484009 0.0002783561 0.200893 8.732949e-05 0.001344074 0.0004722963 0.02323259 0.0003362494 0.7249552
0.1371094 637.7789 0.04827135 0.0002920937 0.200282 9.064921e-05 0.001343881 0.0004642917 0.0239907 0.0003293447 0.7249357
0.1372396 644.4988 0.04814121 0.0003061438 0.1996659 9.414203e-05 0.001342164 0.0004563807 0.02475632 0.0003221339 0.7249156
0.1375 657.889 0.04787922 0.0003351599 0.198419 0.0001016932 0.001334481 0.000440858 0.02630904 0.0003069049 0.7248736
0.1377604 671.2024 0.0476151 0.0003653456 0.1971543 0.0001101124 0.001322056 0.0004257624 0.02788728 0.0002909015 0.7248291
0.1380208 684.4295 0.04734894 0.0003966557 0.1958725 0.0001195303 0.001305716 0.000411124 0.02948899 0.000274377 0.7247822
0.1382813 697.5629 0.04708086 0.0004290478 0.194574 0.0001300777 0.00128627 0.0003969636 0.03111246 0.0002575635 0.7247328
0.1385417 710.5966 0.04681093 0.0004624823 0.1932591 0.0001418832 0.001264487 0.0003832945 0.03275633 0.0002406707 0.7246809
0.1388021 723.526 0.04653921 0.0004969234 0.1919276 0.000155071 0.00124108 0.0003701232 0.03441965 0.0002238851 0.7246265
0.1390625 736.3477 0.04626578 0.0005323383 0.1905791 0.0001697594 0.001216697 0.0003574503 0.03610176 0.0002073696 0.7245697
0.1393229 749.0594 0.04599066 0.0005686978 0.1892132 0.0001860587 0.001191914 0.0003452719 0.03780235 0.0001912641 0.7245106
0.1395833 761.6595 0.04571391 0.0006059755 0.187829 0.0002040701 0.001167236 0.0003335798 0.03952141 0.0001756858 0.7244491
0.1398437 774.1473 0.04543556 0.000644148 0.1864256 0.0002238844 0.0011431 0.0003223632 0.04125919 0.0001607309 0.7243854
0.1401042 786.5225 0.04515562 0.0006831939 0.1850019 0.0002455809 0.001119874 0.0003116087 0.04301616 0.0001464756 0.7243195
0.1403646 798.7854 0.04487413 0.0007230941 0.1835567 0.0002692271 0.00109787 0.000301301 0.044793 0.0001329773 0.7242517
0.140625 810.9363 0.0445911 0.0007638309 0.1820887 0.0002948776 0.001077342 0.0002914237 0.04659057 0.0001202769 0.7241819
0.1408854 822.9763 0.04430655 0.0008053874 0.1805964 0.000322574 0.001058499 0.0002819596 0.04840982 0.0001083997 0.7241105
0.1411458 834.9061 0.04402052 0.0008477478 0.1790784 0.0003523448 0.001041508 0.0002728908 0.05025183 9.735784e-05 0.7240374
0.1414063 846.727 0.04373301 0.0008908964 0.1775332 0.0003842051 0.001026501 0.0002641996 0.05211775 8.715171e-05 0.7239631
0.1416667 858.4399 0.04344407 0.0009348175 0.1759594 0.0004181571 0.001013584 0.0002558683 0.05400873 7.777185e-05 0.7238876
0.1421875 881.5488 0.04286192 0.001024923 0.1727215 0.0004922803 0.0009942244 0.0002402288 0.05786942 6.14255e-05 0.7237341
0.1427083 904.2522 0.04227439 0.001117878 0.1693591 0.000574178 0.0009835744 0.0002257986 0.06183891 4.792637e-05 0.7235782
0.1432292 926.5578 0.0416819 0.001213524 0.1658638 0.0006633856 0.0009817436 0.0002124619 0.0659243 3.69774e-05 0.7234219
0.14375 948.4715 0.04108496 0.001311677 0.1622289 0.0007592504 0.0009886707 0.0002001046 0.07013117 2.824771e-05 0.723267
0.1442708 969.997 0.04048422 0.001412125 0.1584498 0.0008609495 0.001004165 0.0001886205 0.07446311 2.140029e-05 0.7231157
0.1447917 991.1357 0.03988044 0.001514624 0.1545242 0.0009675096 0.001027936 0.0001779136 0.07892138 1.611228e-05 0.7229699
0.1453125 1011.887 0.03927455 0.001618896 0.1504529 0.00107783 0.001059603 0.0001678982 0.08350467 1.208834e-05 0.7228315
0.1458333 1032.248 0.03866756 0.001724634 0.1462394 0.001190707 0.001098708 0.0001584983 0.08820898 9.068269e-06 0.7227024
0.1463542 1052.214 0.03806064 0.0018315 0.1418902 0.00130486 0.001144712 0.0001496476 0.09302755 6.829708e-06 0.7225841
0.1466146 1062.046 0.0377577 0.001885216 0.1396682 0.001361912 0.001170072 0.0001454068 0.09547608 5.934762e-06 0.7225295
0.146875 1071.773 0.03745529 0.001939079 0.1374146 0.001418775 0.001196964 0.000141285 0.09795046 5.175124e-06 0.7224784
0.1471354 1081.395 0.03715357 0.001993038 0.1351309 0.001475274 0.001225298 0.0001372749 0.1004491 4.532236e-06 0.722431
0.1473958 1090.91 0.03685274 0.002047044 0.1328189 0.001531233 0.001254983 0.0001333703 0.1029703 3.989684e-06 0.7223874
0.1476562 1100.317 0.03655296 0.002101046 0.1304804 0.001586478 0.001285923 0.0001295658 0.1055123 3.533025e-06 0.7223478
0.1479167 1109.616 0.03625442 0.002154992 0.1281175 0.001640841 0.001318023 0.0001258565 0.108073 3.149621e-06 0.7223122
0.1481771 1118.804 0.03595732 0.002208829 0.1257324 0.001694152 0.001351185 0.0001222382 0.1106504 2.828464e-06 0.7222806
0.1484375 1127.88 0.03566183 0.002262505 0.1233273 0.001746249 0.001385309 0.0001187068 0.1132423 2.560016e-06 0.7222533
0.1486979 1136.844 0.03536814 0.002315968 0.1209048 0.001796974 0.001420296 0.000115259 0.1158462 2.336045e-06 0.72223
0.1489583 1145.693 0.03507645 0.002369164 0.1184672 0.001846177 0.001456043 0.0001118913 0.11846 2.14948e-06 0.722211
0.1492187 1154.427 0.03478694 0.00242204 0.1160173 0.001893712 0.001492449 0.0001086011 0.121081 1.994273e-06 0.722196
0.1494792 1163.045 0.0344998 0.002474546 0.1135576 0.001939443 0.001529413 0.0001053856 0.1237067 1.865269e-06 0.7221852
0.1497396 1171.545 0.03421522 0.00252663 0.1110909 0.001983242 0.001566832 0.0001022425 0.1263347 1.758094e-06 0.7221784
0.15 1179.926 0.03393337 0.002578242 0.10862 0.002024989 0.001604608 9.916987e-05 0.1289623 1.669049e-06 0.7221756
0.1502604 1188.188 0.03365443 0.002629332 0.1061477 0.002064575 0.001642641 9.616574e-05 0.1315869 1.595015e-06 0.7221767
0.1505208 1196.329 0.03337859 0.002679853 0.1036767 0.0021019 0.001680835 9.322851e-05 0.1342058 1.533372e-06 0.7221815
0.1507813 1204.349 0.033106 0.002729758 0.1012099 0.002136875 0.001719095 9.035673e-05 0.1368166 1.481929e-06 0.72219
0.1510417 1212.247 0.03283683 0.002779002 0.09875002 0.002169422 0.00175733 8.754908e-05 0.1394165 1.438851e-06 0.722202
0.1515625 1227.677 0.03230919 0.002875391 0.093859 0.002227047 0.001833465 8.212189e-05 0.1445766 1.373173e-06 0.7222359
0.1518229 1235.21 0.03205113 0.002922413 0.09143518 0.002252078 0.001871134 7.949819e-05 0.1471299 1.346953e-06 0.7222573
0.1520833 1242.62 0.03179708 0.002968613 0.08902889 0.002274492 0.001908455 7.693537e-05 0.1496626 1.324456e-06 0.7222816
0.1523438 1249.907 0.03154717 0.003013957 0.08664264 0.002294268 0.001945354 7.443246e-05 0.1521723 1.304965e-06 0.7223086
0.1526042 1257.069 0.03130151 0.00305841 0.08427884 0.0023114 0.001981764 7.198869e-05 0.1546567 1.287892e-06 0.7223381
0.1528646 1264.108 0.03106022 0.003101944 0.08193979 0.002325891 0.002017621 6.960345e-05 0.1571138 1.272754e-06 0.7223698
0.153125 1271.024 0.0308234 0.00314453 0.07962772 0.002337756 0.002052869 6.727619e-05 0.1595415 1.259157e-06 0.7224037
0.1533854 1277.816 0.03059113 0.003186141 0.07734473 0.002347017 0.002087456 6.500641e-05 0.1619378 1.246782e-06 0.7224394
0.1536458 1284.486 0.03036352 0.003226756 0.07509282 0.00235371 0.002121333 6.279363e-05 0.164301 1.235369e-06 0.7224769
0.1539063 1291.033 0.03014062 0.003266353 0.07287386 0.002357878 0.00215446 6.063742e-05 0.1666291 1.224707e-06 0.7225158
0.1541667 1297.458 0.02992251 0.003304914 0.07068962 0.00235957 0.002186798 5.853734e-05 0.1689207 1.214627e-06 0.7225561
0.1544271 1303.763 0.02970923 0.003342422 0.06854174 0.002358847 0.002218317 5.649295e-05 0.1711743 1.204994e-06 0.7225975
0.1546875 1309.948 0.02950084 0.003378865 0.06643174 0.002355774 0.002248987 5.45038e-05 0.1733883 1.1957e-06 0.7226398
0.1552083 1321.961 0.0290988 0.003448532 0.06232922 0.002342798 0.00230772 5.068946e-05 0.1776946 1.177873e-06 0.7227265
0.1557292 1333.518 0.02871645 0.003513874 0.05838621 0.002321572 0.002362952 4.708387e-05 0.1818352 1.16059e-06 0.7228155
0.15625 1344.629 0.02835384 0.003574866 0.05460914 0.002292805 0.00241464 4.368276e-05 0.1858041 1.1436e-06 0.7229058
0.1567708 1355.307 0.02801091 0.003631517 0.05100252 0.00225727 0.002462796 4.048095e-05 0.189597 1.126771e-06 0.7229964
0.1572917 1365.564 0.02768746 0.003683864 0.04756906 0.002215781 0.002507486 3.747271e-05 0.1932113 1.110058e-06 0.7230865
0.1578125 1375.413 0.02738318 0.003731971 0.04430984 0.00216917 0.00254882 3.465186e-05 0.196646 1.093462e-06 0.7231753
0.1583333 1384.869 0.02709768 0.003775926 0.04122446 0.00211827 0.002586946 3.201181e-05 0.1999014 1.077022e-06 0.7232622
0.1588542 1393.946 0.02683049 0.003815838 0.03831118 0.002063901 0.002622039 2.95456e-05 0.2029792 1.060794e-06 0.7233467
0.159375 1402.658 0.02658104 0.00385183 0.03556715 0.002006851 0.002654295 2.7246e-05 0.2058821 1.044841e-06 0.7234285
0.1598958 1411.022 0.02634874 0.003884044 0.03298851 0.00194787 0.002683924 2.510558e-05 0.2086137 1.029234e-06 0.723507
0.1604167 1419.051 0.02613293 0.00391263 0.03057066 0.001887656 0.002711146 2.311675e-05 0.2111786 1.014037e-06 0.7235823
0.1609375 1426.761 0.02593291 0.003937747 0.0283083 0.001826856 0.002736181 2.127189e-05 0.2135818 9.993121e-07 0.7236539
0.1614583 1434.167 0.02574797 0.003959561 0.0261957 0.001766056 0.002759252 1.956336e-05 0.215829 9.851135e-07 0.7237219
0.1619792 1441.282 0.02557738 0.003978243 0.02422677 0.001705787 0.002780575 1.798361e-05 0.2179263 9.714866e-07 0.723786
0.1622396 1444.736 0.02549719 0.003986472 0.02329388 0.001676029 0.00279066 1.723926e-05 0.2189209 9.649006e-07 0.7238167
0.1623698 1446.437 0.02545834 0.003990314 0.02284056 0.001661268 0.002795563 1.687852e-05 0.2194046 9.616679e-07 0.7238316
0.1625 1448.121 0.02542032 0.003993977 0.02239607 0.001646594 0.002800376 1.652543e-05 0.2198791 9.584765e-07 0.7238461
0.1635417 1460.981 0.02514541 0.004016924 0.01915388 0.001532521 0.002835716 1.397046e-05 0.2233504 9.344424e-07 0.7239503
0.1645833 1472.931 0.02491539 0.004030221 0.01635803 0.001425705 0.002866872 1.179766e-05 0.2263492 9.12883e-07 0.7240419
0.165625 1484.066 0.02472482 0.004035139 0.01395803 0.001327312 0.002894725 9.957597e-06 0.2289274 8.937396e-07 0.7241217
0.1666667 1494.47 0.02456863 0.004032867 0.01190601 0.001237949 0.00292001 8.404691e-06 0.2311344 8.768827e-07 0.7241909
0.1677083 1504.219 0.02444214 0.004024495 0.01015767 0.001157761 0.002943311 7.098092e-06 0.2330163 8.621427e-07 0.7242504
0.16875 1513.381 0.02434113 0.004011007 0.008672857 0.001086541 0.002965068 6.001768e-06 0.2346154 8.493282e-07 0.7243011
0.1697917 1522.015 0.02426181 0.00399328 0.007415864 0.001023841 0.002985601 5.084366e-06 0.2359696 8.38238e-07 0.7243441
0.1708333 1530.171 0.02420086 0.003972082 0.006355485 0.0009690631 0.00300513 4.318912e-06 0.2371124 8.286697e-07 0.7243798
0.1729167 1545.187 0.02412523 0.003921291 0.004743469 0.0008812294 0.003041538 3.171713e-06 0.238852 8.134908e-07 0.7244312
0.175 1558.869 0.02409174 0.003863722 0.003579909 0.0008140967 0.003074437 2.360177e-06 0.2401051 8.016032e-07 0.7244679
0.1791667 1582.87 0.02411137 0.003737191 0.00222562 0.0007263466 0.003129422 1.435412e-06 0.2415613 7.841515e-07 0.7245065
0.1833333 1603.92 0.0241836 0.003608691 0.001482457 0.0006687236 0.003170686 9.431126e-07 0.2423558 7.688015e-07 0.7245283
0.1875 1622.686 0.02427843 0.00348426 0.00107035 0.0006274942 0.003199885 6.760988e-07 0.2427973 7.534818e-07 0.7245408
0.1916667 1639.615 0.02438042 0.003366523 0.0008369627 0.0005952821 0.003218931 5.266837e-07 0.2430525 7.374882e-07 0.7245481
0.1958333 1655.013 0.02448189 0.003256349 0.0007001715 0.0005682341 0.003229577 4.391557e-07 0.2432101 7.207141e-07 0.7245525
0.2 1669.095 0.02457925 0.00315376 0.0006157748 0.000544359 0.003233294 3.845878e-07 0.2433172 7.033009e-07 0.7245552
0.20625 1688.029 0.02471473 0.003013405 0.0005420102 0.0005125271 0.003228206 3.354393e-07 0.2434306 6.76488e-07 0.7245575
0.2125 1704.989 0.02483765 0.002886793 0.0004939491 0.000483824 0.003214258 3.026171e-07 0.2435236 6.493634e-07 0.724559
0.21875 1720.278 0.02494885 0.002772164 0.0004583446 0.0004576466 0.003193788 2.779661e-07 0.2436082 6.224755e-07 0.7245601
0.225 1734.108 0.0250495 0.002668014 0.0004293931 0.0004336531 0.003168439 2.579221e-07 0.2436892 5.962434e-07 0.7245609
0.2375 1757.757 0.02522246 0.002487342 0.0003832693 0.0003915333 0.003107298 2.264083e-07 0.2438454 5.470859e-07 0.7245619
0.25 1778.004 0.02536965 0.002332443 0.0003450391 0.0003553284 0.003039353 2.010355e-07 0.2439948 5.01912e-07 0.7245627
0.2625 1795.561 0.02549651 0.002198047 0.0003126497 0.00032408 0.002968458 1.800786e-07 0.2441363 4.609785e-07 0.7245633
0.275 1810.904 0.02560684 0.00208044 0.000284923 0.0002970059 0.002897006 1.625213e-07 0.2442694 4.242383e-07 0.7245638
0.3 1835.655 0.0257855 0.001887714 0.0002411764 0.000253403 0.002758459 1.355105e-07 0.2445089 3.632658e-07 0.7245644
0.325 1855.9 0.02593079 0.001729842 0.0002068554 0.0002188802 0.002626728 1.14882e-07 0.2447217 3.135119e-07 0.7245647
0.35 1872.801 0.02605156 0.001597847 0.0001795115 0.0001910891 0.002503632 9.877642e-08 0.244911 2.727667e-07 0.724565
0.375 1887.146 0.02615374 0.001485652 0.0001573737 0.0001683789 0.002389532 8.594795e-08 0.2450798 2.391723e-07 0.7245652
0.4 1899.489 0.02624144 0.001388988 0.0001391883 0.0001495735 0.002284134 7.555258e-08 0.245231 2.112517e-07 0.7245654
0.425 1910.233 0.02631761 0.001304757 0.0001240582 0.0001338199 0.002186875 6.700399e-08 0.2453672 1.878546e-07 0.7245655
0.45 1919.676 0.02638443 0.001230667 0.0001113305 0.0001204899 0.002097121 5.988519e-08 0.2454902 1.680926e-07 0.7245655
0.475 1928.045 0.02644354 0.001165012 0.0001005249 0.000109117 0.002014288 5.389484e-08 0.2456017 1.512839e-07 0.7245656
0.5 1935.501 0.02649606 0.001106567 9.129009e-05 9.935969e-05 0.00193794 4.881574e-08 0.2457029 1.369187e-07 0.7245657
0.546875 1947.14 0.02657839 0.001014454 7.756722e-05 8.470838e-05 0.001812168 4.13334e-08 0.2458668 1.155378e-07 0.7245657
0.59375 1956.94 0.0266476 0.0009368325 6.671931e-05 7.310208e-05 0.001701324 3.548624e-08 0.2460085 9.87568e-08 0.7245658
0.640625 1965.308 0.0267066 0.0008705389 5.802137e-05 6.375642e-05 0.00160312 3.083864e-08 0.246132 8.537143e-08 0.7245658
0.6875 1972.529 0.02675739 0.0008134151 5.095942e-05 5.61412e-05 0.001515897 2.709192e-08 0.2462403 7.456272e-08 0.7245658
0.78125 1983.82 0.02683713 0.0007233053 4.07071e-05 4.498175e-05 0.001373078 2.168969e-08 0.2464149 5.894391e-08 0.7245659
0.875 1992.855 0.02690085 0.0006511532 3.323468e-05 3.683677e-05 0.0012543 1.778679e-08 0.2465577 4.771763e-08 0.7245659
0.96875 2000.245 0.02695293 0.0005921131 2.764259e-05 3.071744e-05 0.001154163 1.488084e-08 0.2466765 3.93981e-08 0.7245659
1.0625 2006.395 0.02699619 0.0005430332 2.336072e-05 2.601653e-05 0.001068905 1.266243e-08 0.2467766 3.308305e-08 0.7245659
1.25 2015.492 0.02706036 0.0004699999 1.764006e-05 1.968884e-05 0.0009385229 9.699897e-09 0.2469279 2.471073e-08 0.7245659
1.4375 2022.456 0.02710945 0.0004140585 1.376308e-05 1.539921e-05 0.0008358764 7.69195e-09 0.2470455 1.912656e-08 0.7245659
1.625 2027.946 0.02714811 0.0003699808 1.103268e-05 1.236954e-05 0.0007532957 6.272172e-09 0.2471393 1.523454e-08 0.7245659
2.0 2035.468 0.02720139 0.0003089614 7.744929e-06 8.696895e-06 0.0006364039 4.54558e-09 0.2472709 1.058737e-08 0.7245659
10.0 2035.468 0.02720139 0.0003089614 7.744929e-06 8.696895e-06 0.0006364039 4.54558e-09 0.2472709 1.058737e-08 0.7245659