TITLE="Graphics"
VARIABLES= "x", "T1", "Y_H2_1", 
"Y_H_1", "Y_O2_1", "Y_O_1", "Y_OH_1", "Y_HO2_1", "Y_H2O_1", "Y_H2O2_1", "Y_N2_1"
0  700 0.0285219 0 0.226362 0 0 0 0 0 0.745116
0.0015625  700 0.0285219 2.41684e-18 0.226362 2.92327e-19 1.059e-19 1.92436e-16 3.7296e-19 6.68577e-22 0.745116
0.003125  700 0.0285219 4.45535e-18 0.226362 7.15284e-19 2.31858e-19 4.11557e-16 1.05295e-18 1.96123e-21 0.745116
0.0046875  700 0.0285219 6.24549e-18 0.226362 1.23596e-18 3.62933e-19 6.54453e-16 2.05322e-18 3.9439e-21 0.745116
0.00625  700 0.0285219 7.92444e-18 0.226362 1.8397e-18 4.97495e-19 9.2015e-16 3.38958e-18 6.68134e-21 0.745116
0.0078125  700 0.0285219 9.65531e-18 0.226362 2.53142e-18 6.40915e-19 1.21004e-15 5.09701e-18 1.02443e-20 0.745116
0.009375  700 0.0285219 1.16542e-17 0.226362 3.33986e-18 8.04399e-19 1.52874e-15 7.24598e-18 1.47195e-20 0.745116
0.0109375  700 0.0285219 1.42308e-17 0.226362 4.32625e-18 1.00647e-18 1.88553e-15 9.96455e-18 2.02244e-20 0.745116
0.0125  700 0.0285219 1.78525e-17 0.226362 5.59938e-18 1.27664e-18 2.29684e-15 1.34725e-17 2.69295e-20 0.745116
0.0140625  700 0.0285219 2.32443e-17 0.226362 7.34101e-18 1.66174e-18 2.7902e-15 1.81355e-17 3.50941e-20 0.745116
0.015625  700 0.0285219 3.1549e-17 0.226362 9.84716e-18 2.23626e-18 3.41072e-15 2.45515e-17 4.5122e-20 0.745116
0.0171875  700 0.0285219 4.45823e-17 0.226362 1.35951e-17 3.11902e-18 4.23147e-15 3.36893e-17 5.76506e-20 0.745116
0.01875  700 0.0285219 6.52401e-17 0.226362 1.93511e-17 4.49987e-18 5.37011e-15 4.71111e-17 7.36934e-20 0.745116
0.0203125  700 0.0285219 9.81518e-17 0.226362 2.83429e-17 6.68242e-18 7.01567e-15 6.73276e-17 9.48679e-20 0.745116
0.021875  700 0.0285219 1.50725e-16 0.226362 4.25376e-17 1.01526e-17 9.47134e-15 9.83689e-17 1.2376e-19 0.745116
0.0234375  700 0.0285219 2.34817e-16 0.226362 6.50852e-17 1.56883e-17 1.32231e-14 1.46697e-16 1.64506e-19 0.745116
0.025  700 0.0285219 3.6942e-16 0.226362 1.0103e-16 2.45354e-17 1.90497e-14 2.2267e-16 2.23733e-19 0.745116
0.0265625  700 0.0285219 5.84947e-16 0.226362 1.58453e-16 3.86891e-17 2.81988e-14 3.42883e-16 3.12046e-19 0.745116
0.028125  700 0.0285219 9.30113e-16 0.226362 2.50294e-16 6.1345e-17 4.2669e-14 5.33925e-16 4.46437e-19 0.745116
0.0296875  700 0.0285219 1.48295e-15 0.226362 3.97281e-16 9.76215e-17 6.56618e-14 8.38389e-16 6.54119e-19 0.745116
0.03125  700 0.0285219 2.36843e-15 0.226362 6.32614e-16 1.55717e-16 1.02306e-13 1.32451e-15 9.78677e-19 0.745116
0.0328125  700 0.0285219 3.78676e-15 0.226362 1.00947e-15 2.48765e-16 1.60815e-13 2.10157e-15 1.48993e-18 0.745116
0.034375  700 0.0285219 6.05861e-15 0.226362 1.61304e-15 3.97799e-16 2.54348e-13 3.34465e-15 2.29971e-18 0.745116
0.0359375  700 0.0285219 9.69762e-15 0.226362 2.57975e-15 6.36513e-16 4.03982e-13 5.33418e-15 3.58715e-18 0.745116
0.0375  700 0.0285219 1.55266e-14 0.226362 4.12816e-15 1.01888e-15 6.43479e-13 8.51937e-15 5.63918e-18 0.745116
0.0390625  700 0.0285219 2.48634e-14 0.226362 6.60835e-15 1.63135e-15 1.02692e-12 1.36198e-14 8.91542e-18 0.745116
0.040625  700 0.0285219 3.9819e-14 0.226362 1.05811e-14 2.61239e-15 1.64092e-12 2.1788e-14 1.41521e-17 0.745116
0.0421875  700 0.0285219 6.37749e-14 0.226362 1.69447e-14 4.18384e-15 2.62424e-12 3.48704e-14 2.25284e-17 0.745116
0.04375  700 0.0285219 1.02147e-13 0.226362 2.71383e-14 6.70101e-15 4.19913e-12 5.5825e-14 3.59336e-17 0.745116
0.0453125  700 0.0285219 1.63613e-13 0.226362 4.34674e-14 1.07331e-14 6.72164e-12 8.93915e-14 5.73939e-17 0.745116
0.046875  700 0.0285219 2.62067e-13 0.226362 6.96267e-14 1.7192e-14 1.07621e-11 1.43167e-13 9.17591e-17 0.745116
0.0484375  700 0.0285219 4.19772e-13 0.226362 1.11539e-13 2.7539e-14 1.72348e-11 2.29335e-13 1.46807e-16 0.745116
0.05  700 0.0285219 6.72382e-13 0.226362 1.78707e-13 4.41163e-14 2.76069e-11 3.67466e-13 2.35038e-16 0.745116
0.0515  700 0.0285219 1.05791e-12 0.226362 2.81313e-13 6.94302e-14 4.34599e-11 5.78614e-13 3.69978e-16 0.745116
0.053  700 0.0285219 1.6637e-12 0.226362 4.42601e-13 1.09213e-13 6.83882e-11 9.10683e-13 5.82314e-16 0.745116
0.0545  700 0.0285219 2.61573e-12 0.226362 6.96115e-13 1.71738e-13 1.0758e-10 1.43281e-12 9.16354e-16 0.745116
0.056  700 0.0285219 4.11204e-12 0.226362 1.09458e-12 2.70012e-13 1.69189e-10 2.25366e-12 1.44179e-15 0.745116
0.0575  700 0.0285219 6.46387e-12 0.226362 1.72088e-12 4.24479e-13 2.66033e-10 3.54409e-12 2.26827e-15 0.745116
0.059  700 0.0285219 1.01605e-11 0.226362 2.7053e-12 6.67282e-13 4.1826e-10 5.57266e-12 3.56842e-15 0.745116
0.0605  700 0.0285219 1.59708e-11 0.226362 4.2526e-12 1.04895e-12 6.57538e-10 8.76166e-12 5.6143e-15 0.745116
0.062  700 0.0285219 2.51036e-11 0.226362 6.68467e-12 1.64894e-12 1.03364e-09 1.37751e-11 8.83524e-15 0.745116
0.0635  700 0.0285219 3.94587e-11 0.226362 1.05074e-11 2.59222e-12 1.62482e-09 2.16575e-11 1.39104e-14 0.745116
0.065  700 0.0285219 6.20224e-11 0.226362 1.65161e-11 4.07536e-12 2.55404e-09 3.40523e-11 2.19177e-14 0.745116
0.0665  700 0.0285219 9.74885e-11 0.226362 2.59605e-11 6.40779e-12 4.01461e-09 5.3547e-11 3.45776e-14 0.745116
0.068  700 0.0285219 1.53235e-10 0.226362 4.08054e-11 1.00769e-11 6.31035e-09 8.42197e-11 5.46591e-14 0.745116
0.0695  700 0.0285218 2.40859e-10 0.226362 6.41384e-11 1.58514e-11 9.91881e-09 1.32507e-10 8.6673e-14 0.745116
0.071  700 0.0285218 3.78588e-10 0.226362 1.00813e-10 2.49457e-11 1.55906e-08 2.0859e-10 1.38103e-13 0.745116
0.0725  700 0.0285218 5.95073e-10 0.226362 1.58456e-10 3.92848e-11 2.45052e-08 3.28635e-10 2.21684e-13 0.745116
0.074  700 0.0285218 9.35347e-10 0.226362 2.49055e-10 6.19329e-11 3.85168e-08 5.18447e-10 3.59829e-13 0.745116
0.0755  700 0.0285218 1.47019e-09 0.226362 3.91444e-10 9.7802e-11 6.05385e-08 8.19565e-10 5.93689e-13 0.745116
0.077  700.001 0.0285218 2.31086e-09 0.226362 6.15218e-10 1.5485e-10 9.51479e-08 1.29968e-09 1.00256e-12 0.745116
0.0785  700.001 0.0285218 3.63219e-09 0.226362 9.66857e-10 2.46169e-10 1.49536e-07 2.07109e-09 1.74714e-12 0.745116
0.08  700.002 0.0285217 5.70899e-09 0.226362 1.51934e-09 3.93778e-10 2.34994e-07 3.32475e-09 3.16889e-12 0.745116
0.0815  700.002 0.0285216 8.97308e-09 0.226362 2.38721e-09 6.35842e-10 3.69246e-07 5.39609e-09 6.02336e-12 0.745116
0.083  700.004 0.0285215 1.4103e-08 0.226362 3.75003e-09 1.04111e-09 5.80084e-07 8.89827e-09 1.20359e-11 0.745116
0.0845  700.006 0.0285213 2.21647e-08 0.226361 5.88899e-09 1.73917e-09 9.11036e-07 1.50032e-08 2.52358e-11 0.745116
0.086  700.009 0.0285211 3.48321e-08 0.226361 9.2436e-09 2.98656e-09 1.43013e-06 2.60537e-08 5.51709e-11 0.745116
0.0875  700.015 0.0285207 5.4733e-08 0.22636 1.4499e-08 5.31563e-09 2.24333e-06 4.69282e-08 1.24637e-10 0.745117
0.089  700.024 0.02852 8.59887e-08 0.226359 2.27188e-08 9.87666e-09 3.51489e-06 8.81184e-08 2.88153e-10 0.745117
0.0905  700.038 0.0285191 1.35056e-07 0.226358 3.55461e-08 1.9232e-08 5.49735e-06 1.72691e-07 6.7559e-10 0.745118
0.092  700.061 0.0285176 2.12032e-07 0.226355 5.54998e-08 3.91975e-08 8.57425e-06 3.51944e-07 1.59329e-09 0.745118
0.0935  700.097 0.0285154 3.32662e-07 0.226351 8.64066e-08 8.30624e-08 1.33168e-05 7.40144e-07 3.75186e-09 0.74512
0.095  700.157 0.028512 5.214e-07 0.226344 1.34017e-07 1.8101e-07 2.05506e-05 1.59006e-06 8.75876e-09 0.745121
0.0965  700.256 0.028507 8.1599e-07 0.226333 2.06879e-07 4.00184e-07 3.1413e-05 3.45306e-06 2.01245e-08 0.745124
0.098  700.42 0.0284993 1.27423e-06 0.226317 3.17625e-07 8.83795e-07 4.73579e-05 7.51021e-06 4.51718e-08 0.745127
0.0980625  700.43 0.0284989 1.29877e-06 0.226316 3.2347e-07 9.15769e-07 4.81686e-05 7.78097e-06 4.6827e-08 0.745127
0.098125  700.439 0.0284985 1.32377e-06 0.226315 3.29416e-07 9.48722e-07 4.89912e-05 8.06011e-06 4.85326e-08 0.745127
0.0981875  700.449 0.0284981 1.34921e-06 0.226314 3.35463e-07 9.82685e-07 4.98257e-05 8.34784e-06 5.02897e-08 0.745127
0.09825  700.459 0.0284977 1.37511e-06 0.226313 3.41613e-07 1.01769e-06 5.06722e-05 8.64442e-06 5.20997e-08 0.745127
0.0983125  700.469 0.0284973 1.40148e-06 0.226312 3.47869e-07 1.05378e-06 5.15308e-05 8.95009e-06 5.39642e-08 0.745128
0.098375  700.479 0.0284969 1.42833e-06 0.226311 3.5423e-07 1.09098e-06 5.24016e-05 9.26512e-06 5.58844e-08 0.745128
0.0984375  700.489 0.0284964 1.45566e-06 0.22631 3.607e-07 1.12933e-06 5.32847e-05 9.58975e-06 5.78619e-08 0.745128
0.0985  700.5 0.028496 1.48348e-06 0.226309 3.6728e-07 1.16887e-06 5.41802e-05 9.92426e-06 5.98981e-08 0.745128
0.0985625  700.511 0.0284955 1.51181e-06 0.226308 3.73972e-07 1.20963e-06 5.50883e-05 1.02689e-05 6.19946e-08 0.745128
0.098625  700.522 0.028495 1.54064e-06 0.226307 3.80777e-07 1.25166e-06 5.60089e-05 1.0624e-05 6.41529e-08 0.745128
0.0986875  700.533 0.0284946 1.57e-06 0.226306 3.87697e-07 1.29499e-06 5.69423e-05 1.09899e-05 6.63746e-08 0.745129
0.09875  700.545 0.0284941 1.59988e-06 0.226305 3.94734e-07 1.33966e-06 5.78884e-05 1.13667e-05 6.86614e-08 0.745129
0.0988125  700.557 0.0284936 1.6303e-06 0.226303 4.01889e-07 1.38572e-06 5.88474e-05 1.17549e-05 7.10148e-08 0.745129
0.098875  700.569 0.0284931 1.66127e-06 0.226302 4.09166e-07 1.43321e-06 5.98193e-05 1.21548e-05 7.34365e-08 0.745129
0.0989375  700.581 0.0284926 1.6928e-06 0.226301 4.16565e-07 1.48217e-06 6.08043e-05 1.25666e-05 7.59282e-08 0.745129
0.099  700.594 0.0284921 1.72489e-06 0.2263 4.24089e-07 1.53265e-06 6.18024e-05 1.29907e-05 7.84918e-08 0.745129
0.0990625  700.607 0.0284916 1.75756e-06 0.226299 4.31739e-07 1.5847e-06 6.28136e-05 1.34274e-05 8.11288e-08 0.74513
0.099125  700.62 0.0284911 1.79081e-06 0.226297 4.39518e-07 1.63835e-06 6.38382e-05 1.38771e-05 8.38412e-08 0.74513
0.0991875  700.633 0.0284905 1.82466e-06 0.226296 4.47428e-07 1.69366e-06 6.48761e-05 1.43401e-05 8.66307e-08 0.74513
0.09925  700.647 0.02849 1.85912e-06 0.226295 4.5547e-07 1.75067e-06 6.59274e-05 1.48169e-05 8.94993e-08 0.74513
0.0993125  700.661 0.0284894 1.8942e-06 0.226294 4.63647e-07 1.80945e-06 6.69923e-05 1.53076e-05 9.24488e-08 0.74513
0.099375  700.675 0.0284889 1.92991e-06 0.226292 4.7196e-07 1.87003e-06 6.80706e-05 1.58129e-05 9.54811e-08 0.745131
0.0994375  700.69 0.0284883 1.96625e-06 0.226291 4.80413e-07 1.93248e-06 6.91626e-05 1.63329e-05 9.85982e-08 0.745131
0.0995  700.705 0.0284877 2.00325e-06 0.22629 4.89007e-07 1.99683e-06 7.02683e-05 1.68682e-05 1.01802e-07 0.745131
0.0995625  700.72 0.0284871 2.0409e-06 0.226288 4.97745e-07 2.06317e-06 7.13877e-05 1.74191e-05 1.05095e-07 0.745131
0.099625  700.735 0.0284865 2.07923e-06 0.226287 5.06629e-07 2.13152e-06 7.25208e-05 1.7986e-05 1.08478e-07 0.745131
0.0996875  700.751 0.0284859 2.11825e-06 0.226285 5.1566e-07 2.20196e-06 7.36679e-05 1.85695e-05 1.11955e-07 0.745132
0.09975  700.767 0.0284853 2.15796e-06 0.226284 5.24843e-07 2.27455e-06 7.48287e-05 1.91698e-05 1.15526e-07 0.745132
0.0998125  700.784 0.0284847 2.19838e-06 0.226282 5.34178e-07 2.34934e-06 7.60035e-05 1.97875e-05 1.19195e-07 0.745132
0.099875  700.801 0.028484 2.23952e-06 0.226281 5.43668e-07 2.42639e-06 7.71923e-05 2.0423e-05 1.22963e-07 0.745132
0.0999375  700.818 0.0284834 2.28139e-06 0.226279 5.53317e-07 2.50578e-06 7.83951e-05 2.10768e-05 1.26832e-07 0.745132
0.1  700.835 0.0284827 2.32401e-06 0.226278 5.63126e-07 2.58755e-06 7.96118e-05 2.17493e-05 1.30806e-07 0.745133
0.10026  700.912 0.0284799 2.50974e-06 0.226271 6.05749e-07 2.95476e-06 8.48329e-05 2.47588e-05 1.48502e-07 0.745134
0.100521  700.996 0.0284768 2.70961e-06 0.226263 6.51398e-07 3.36966e-06 9.02988e-05 2.81399e-05 1.68209e-07 0.745134
0.100781  701.087 0.0284735 2.92462e-06 0.226255 7.00282e-07 3.83772e-06 9.60091e-05 3.19337e-05 1.90103e-07 0.745135
0.101042  701.187 0.02847 3.15589e-06 0.226247 7.52628e-07 4.36486e-06 0.000101962 3.61852e-05 2.14369e-07 0.745136
0.101302  701.295 0.0284663 3.40457e-06 0.226238 8.08681e-07 4.95751e-06 0.000108153 4.09432e-05 2.41199e-07 0.745138
0.101562  701.412 0.0284623 3.6719e-06 0.226228 8.68706e-07 5.62257e-06 0.000114576 4.62609e-05 2.7079e-07 0.745139
0.101823  701.54 0.0284581 3.95921e-06 0.226217 9.32992e-07 6.36748e-06 0.000121223 5.2196e-05 3.03342e-07 0.74514
0.102083  701.678 0.0284536 4.2679e-06 0.226206 1.00185e-06 7.20017e-06 0.000128085 5.88109e-05 3.39058e-07 0.745141
0.102344  701.829 0.0284488 4.59948e-06 0.226194 1.07562e-06 8.12909e-06 0.000135148 6.61729e-05 3.78142e-07 0.745142
0.102604  701.992 0.0284436 4.95552e-06 0.226181 1.15466e-06 9.16319e-06 0.000142398 7.43545e-05 4.20797e-07 0.745143
0.102865  702.17 0.0284382 5.33773e-06 0.226167 1.23939e-06 1.03119e-05 0.000149817 8.34334e-05 4.6722e-07 0.745145
0.103125  702.362 0.0284324 5.7479e-06 0.226152 1.33024e-06 1.15851e-05 0.000157384 9.34931e-05 5.17606e-07 0.745146
0.103385  702.569 0.0284262 6.18793e-06 0.226136 1.4277e-06 1.2993e-05 0.000165078 0.000104623 5.72138e-07 0.745147
0.103646  702.795 0.0284196 6.65986e-06 0.226119 1.53228e-06 1.45464e-05 0.000172874 0.000116917 6.30991e-07 0.745149
0.103906  703.038 0.0284126 7.16581e-06 0.2261 1.64457e-06 1.62563e-05 0.000180745 0.000130476 6.94326e-07 0.74515
0.104167  703.301 0.0284052 7.70809e-06 0.226081 1.7652e-06 1.81339e-05 0.000188662 0.000145408 7.62292e-07 0.745152
0.104427  703.585 0.0283974 8.28909e-06 0.22606 1.89485e-06 2.01907e-05 0.000196593 0.000161824 8.35017e-07 0.745153
0.104687  703.891 0.028389 8.91137e-06 0.226038 2.03429e-06 2.24383e-05 0.000204506 0.000179844 9.12614e-07 0.745155
0.104948  704.222 0.0283801 9.57765e-06 0.226014 2.18434e-06 2.48883e-05 0.000212367 0.000199594 9.95177e-07 0.745156
0.105208  704.577 0.0283707 1.02908e-05 0.225989 2.34593e-06 2.75523e-05 0.000220143 0.000221204 1.08278e-06 0.745158
0.105469  704.96 0.0283608 1.10539e-05 0.225962 2.52005e-06 3.04416e-05 0.000227796 0.000244811 1.17546e-06 0.745159
0.105729  705.372 0.0283503 1.187e-05 0.225933 2.7078e-06 3.35675e-05 0.000235294 0.000270559 1.27327e-06 0.745161
0.10599  705.814 0.0283391 1.27427e-05 0.225903 2.91038e-06 3.69409e-05 0.000242601 0.000298598 1.3762e-06 0.745163
0.10625  706.288 0.0283273 1.36755e-05 0.22587 3.12911e-06 4.05721e-05 0.000249683 0.000329082 1.48425e-06 0.745165
0.10651  706.797 0.0283148 1.46722e-05 0.225836 3.36543e-06 4.44712e-05 0.000256509 0.000362173 1.59739e-06 0.745167
0.106771  707.341 0.0283016 1.57369e-05 0.225799 3.62091e-06 4.86475e-05 0.000263049 0.000398038 1.71558e-06 0.745168
0.107031  707.924 0.0282877 1.68737e-05 0.22576 3.89728e-06 5.31098e-05 0.000269275 0.000436848 1.83876e-06 0.74517
0.107292  708.547 0.028273 1.80871e-05 0.225719 4.1964e-06 5.7866e-05 0.000275163 0.000478782 1.96686e-06 0.745172
0.107552  709.212 0.0282575 1.93819e-05 0.225674 4.52035e-06 6.29235e-05 0.000280691 0.000524023 2.0998e-06 0.745174
0.107812  709.921 0.0282411 2.0763e-05 0.225628 4.87134e-06 6.82888e-05 0.000285842 0.00057276 2.2375e-06 0.745177
0.108073  710.677 0.0282239 2.22357e-05 0.225578 5.25181e-06 7.39676e-05 0.000290602 0.000625188 2.37988e-06 0.745179
0.108333  711.481 0.0282057 2.38054e-05 0.225525 5.66443e-06 7.9965e-05 0.00029496 0.000681505 2.52684e-06 0.745181
0.108594  712.337 0.0281866 2.54781e-05 0.225469 6.11206e-06 8.6285e-05 0.000298912 0.000741919 2.67829e-06 0.745183
0.108854  713.246 0.0281665 2.72597e-05 0.225409 6.59786e-06 9.29312e-05 0.000302455 0.00080664 2.83416e-06 0.745186
0.109115  714.211 0.0281453 2.91568e-05 0.225346 7.12522e-06 9.99061e-05 0.000305591 0.000875882 2.99434e-06 0.745188
0.109375  715.235 0.028123 3.11761e-05 0.225279 7.69786e-06 0.000107212 0.000308325 0.000949868 3.15876e-06 0.74519
0.109635  716.319 0.0280996 3.33246e-05 0.225208 8.3198e-06 0.00011485 0.000310667 0.00102883 3.32734e-06 0.745193
0.109896  717.466 0.0280751 3.56099e-05 0.225133 8.9954e-06 0.000122821 0.000312629 0.00111299 3.49999e-06 0.745195
0.110156  718.68 0.0280493 3.80396e-05 0.225053 9.72943e-06 0.000131125 0.000314225 0.0012026 3.67662e-06 0.745198
0.110417  719.962 0.0280222 4.06219e-05 0.224969 1.0527e-05 0.000139762 0.000315472 0.00129789 3.85714e-06 0.745201
0.110677  721.315 0.0279938 4.33655e-05 0.22488 1.13938e-05 0.000148731 0.000316388 0.00139913 4.04145e-06 0.745203
0.110937  722.742 0.027964 4.62792e-05 0.224786 1.23358e-05 0.000158031 0.000316993 0.00150656 4.22942e-06 0.745206
0.111198  724.245 0.0279328 4.93723e-05 0.224686 1.33597e-05 0.000167659 0.000317306 0.00162045 4.42091e-06 0.745209
0.111458  725.828 0.0279002 5.26547e-05 0.224581 1.44726e-05 0.000177615 0.00031735 0.00174108 4.61575e-06 0.745211
0.111719  727.493 0.027866 5.61364e-05 0.224469 1.56823e-05 0.000187894 0.000317143 0.00186871 4.81374e-06 0.745214
0.111979  729.242 0.0278302 5.98281e-05 0.224352 1.69973e-05 0.000198494 0.000316705 0.00200362 5.01462e-06 0.745217
0.11224  731.078 0.0277928 6.37408e-05 0.224228 1.84268e-05 0.00020941 0.000316056 0.00214611 5.21812e-06 0.74522
0.1125  733.005 0.0277537 6.78859e-05 0.224098 1.99808e-05 0.000220639 0.000315214 0.00229647 5.42388e-06 0.745223
0.11276  735.024 0.0277128 7.22754e-05 0.223961 2.16702e-05 0.000232173 0.000314194 0.002455 5.6315e-06 0.745226
0.113021  737.139 0.0276701 7.69216e-05 0.223816 2.35068e-05 0.000244007 0.000313013 0.002622 5.84051e-06 0.745229
0.113281  739.352 0.0276255 8.18373e-05 0.223664 2.55035e-05 0.000256134 0.000311683 0.00279777 6.05038e-06 0.745232
0.113542  741.665 0.027579 8.70357e-05 0.223504 2.76743e-05 0.000268545 0.000310217 0.00298264 6.26049e-06 0.745234
0.113802  744.081 0.0275305 9.25304e-05 0.223336 3.00344e-05 0.000281231 0.000308625 0.00317693 6.47016e-06 0.745237
0.114063  746.603 0.02748 9.83355e-05 0.22316 3.26003e-05 0.000294183 0.000306918 0.00338094 6.67863e-06 0.74524
0.114323  749.233 0.0274273 0.000104466 0.222975 3.53901e-05 0.00030739 0.000305102 0.00359501 6.88506e-06 0.745243
0.114583  751.973 0.0273724 0.000110936 0.222782 3.84232e-05 0.000320838 0.000303186 0.00381947 7.08855e-06 0.745246
0.114844  754.825 0.0273152 0.000117761 0.222579 4.17209e-05 0.000334516 0.000301174 0.00405465 7.28812e-06 0.745249
0.115104  757.791 0.0272557 0.000124956 0.222367 4.53061e-05 0.00034841 0.000299072 0.00430089 7.48274e-06 0.745251
0.115365  760.874 0.0271938 0.000132539 0.222145 4.92039e-05 0.000362506 0.000296885 0.00455853 7.67131e-06 0.745254
0.115625  764.075 0.0271295 0.000140525 0.221913 5.34412e-05 0.000376789 0.000294615 0.0048279 7.8527e-06 0.745256
0.115885  767.395 0.0270626 0.000148931 0.221671 5.80474e-05 0.000391245 0.000292267 0.00510935 8.02574e-06 0.745259
0.116146  770.837 0.0269931 0.000157774 0.221418 6.30542e-05 0.000405859 0.000289843 0.00540324 8.18926e-06 0.745261
0.116406  774.402 0.0269209 0.000167071 0.221154 6.84958e-05 0.000420616 0.000287347 0.00570991 8.34205e-06 0.745263
0.116667  778.091 0.0268459 0.00017684 0.220879 7.4409e-05 0.000435502 0.00028478 0.00602973 8.48296e-06 0.745265
0.116797  779.982 0.0268074 0.000181908 0.220738 7.75576e-05 0.000442989 0.000283471 0.00619471 8.54852e-06 0.745266
0.116927  781.905 0.0267682 0.000187101 0.220593 8.08394e-05 0.000450504 0.000282145 0.00636312 8.61068e-06 0.745266
0.117057  783.859 0.0267282 0.000192421 0.220445 8.42598e-05 0.000458046 0.000280804 0.00653501 8.66931e-06 0.745267
0.117188  785.845 0.0266875 0.000197869 0.220295 8.78245e-05 0.000465612 0.000279446 0.0067104 8.72428e-06 0.745268
0.117318  787.862 0.026646 0.000203449 0.220141 9.15392e-05 0.000473201 0.000278073 0.00688937 8.77546e-06 0.745268
0.117448  789.911 0.0266038 0.000209163 0.219985 9.54101e-05 0.000480813 0.000276684 0.00707195 8.82273e-06 0.745269
0.117578  791.992 0.0265609 0.000215013 0.219825 9.94435e-05 0.000488446 0.000275281 0.00725819 8.86598e-06 0.745269
0.117708  794.105 0.0265171 0.000221 0.219662 0.000103646 0.0004961 0.000273863 0.00744815 8.90509e-06 0.745269
0.117839  796.25 0.0264726 0.000227128 0.219496 0.000108024 0.000503774 0.000272431 0.00764186 8.93997e-06 0.74527
0.117969  798.427 0.0264273 0.000233399 0.219326 0.000112584 0.000511466 0.000270985 0.0078394 8.97053e-06 0.74527
0.118099  800.636 0.0263812 0.000239814 0.219154 0.000117334 0.000519178 0.000269525 0.00804079 8.99667e-06 0.74527
0.118229  802.877 0.0263343 0.000246377 0.218978 0.000122282 0.000526908 0.000268053 0.00824611 9.01832e-06 0.745269
0.118359  805.15 0.0262865 0.00025309 0.218798 0.000127434 0.000534656 0.000266568 0.0084554 9.03542e-06 0.745269
0.11849  807.456 0.026238 0.000259954 0.218615 0.000132799 0.000542424 0.00026507 0.00866871 9.0479e-06 0.745269
0.11862  809.793 0.0261886 0.000266972 0.218429 0.000138384 0.00055021 0.000263561 0.00888611 9.05572e-06 0.745268
0.11875  812.162 0.0261383 0.000274146 0.218239 0.000144199 0.000558017 0.00026204 0.00910765 9.05883e-06 0.745267
0.11888  814.564 0.0260872 0.000281478 0.218046 0.000150252 0.000565844 0.000260509 0.00933339 9.05721e-06 0.745266
0.11901  816.997 0.0260352 0.000288972 0.217849 0.000156551 0.000573692 0.000258967 0.00956338 9.05084e-06 0.745265
0.119141  819.463 0.0259823 0.000296628 0.217648 0.000163106 0.000581564 0.000257414 0.00979769 9.03972e-06 0.745264
0.119271  821.96 0.0259286 0.000304449 0.217444 0.000169926 0.00058946 0.000255852 0.0100364 9.02385e-06 0.745263
0.119401  824.489 0.0258739 0.000312438 0.217235 0.000177021 0.000597383 0.000254281 0.0102795 9.00324e-06 0.745261
0.119531  827.05 0.0258184 0.000320596 0.217023 0.0001844 0.000605335 0.000252701 0.0105272 8.97792e-06 0.745259
0.119661  829.643 0.0257619 0.000328926 0.216807 0.000192075 0.000613318 0.000251113 0.0107794 8.94793e-06 0.745257
0.119792  832.267 0.0257045 0.000337429 0.216587 0.000200054 0.000621334 0.000249516 0.0110363 8.91333e-06 0.745255
0.119922  834.923 0.0256461 0.000346108 0.216363 0.000208349 0.000629387 0.000247913 0.0112979 8.87416e-06 0.745252
0.120052  837.61 0.0255869 0.000354964 0.216135 0.000216971 0.000637481 0.000246302 0.0115642 8.8305e-06 0.74525
0.120182  840.329 0.0255266 0.000364001 0.215902 0.000225931 0.000645618 0.000244685 0.0118355 8.78244e-06 0.745247
0.120312  843.079 0.0254654 0.00037322 0.215666 0.000235239 0.000653803 0.000243062 0.0121117 8.73007e-06 0.745243
0.120443  845.861 0.0254032 0.000382622 0.215425 0.000244909 0.00066204 0.000241434 0.0123929 8.67349e-06 0.74524
0.120573  848.673 0.0253401 0.00039221 0.215179 0.000254952 0.000670333 0.0002398 0.0126792 8.61282e-06 0.745236
0.120703  851.516 0.0252759 0.000401986 0.214929 0.000265379 0.000678688 0.000238162 0.0129706 8.54817e-06 0.745232
0.120833  854.39 0.0252107 0.000411951 0.214675 0.000276203 0.000687109 0.00023652 0.0132674 8.4797e-06 0.745227
0.120964  857.294 0.0251446 0.000422108 0.214415 0.000287438 0.000695602 0.000234874 0.0135695 8.40752e-06 0.745222
0.121094  860.229 0.0250774 0.000432458 0.214151 0.000299095 0.000704174 0.000233225 0.0138771 8.33181e-06 0.745217
0.121224  863.195 0.0250091 0.000443003 0.213883 0.000311187 0.00071283 0.000231573 0.0141901 8.25271e-06 0.745211
0.121354  866.191 0.0249399 0.000453744 0.213609 0.000323729 0.000721576 0.00022992 0.0145089 8.17039e-06 0.745205
0.121484  869.216 0.0248696 0.000464684 0.21333 0.000336732 0.000730421 0.000228264 0.0148333 8.08502e-06 0.745199
0.121615  872.272 0.0247982 0.000475823 0.213046 0.000350211 0.00073937 0.000226607 0.0151636 7.99679e-06 0.745192
0.121745  875.357 0.0247257 0.000487163 0.212757 0.00036418 0.000748432 0.000224949 0.0154998 7.90588e-06 0.745185
0.121875  878.472 0.0246522 0.000498706 0.212462 0.000378652 0.000757614 0.000223291 0.0158421 7.81247e-06 0.745178
0.122005  881.616 0.0245777 0.000510453 0.212162 0.000393641 0.000766925 0.000221632 0.0161904 7.71676e-06 0.74517
0.122135  884.789 0.024502 0.000522405 0.211856 0.000409163 0.000776373 0.000219974 0.0165451 7.61895e-06 0.745161
0.122266  887.992 0.0244252 0.000534564 0.211545 0.00042523 0.000785967 0.000218317 0.0169061 7.51924e-06 0.745152
0.122396  891.223 0.0243473 0.000546931 0.211228 0.000441858 0.000795717 0.000216661 0.0172736 7.41783e-06 0.745143
0.122526  894.482 0.0242683 0.000559507 0.210904 0.00045906 0.000805632 0.000215007 0.0176476 7.31492e-06 0.745133
0.122656  897.77 0.0241882 0.000572292 0.210575 0.000476853 0.000815722 0.000213355 0.0180284 7.21071e-06 0.745123
0.122786  901.087 0.024107 0.000585288 0.21024 0.00049525 0.000825996 0.000211705 0.018416 7.10542e-06 0.745112
0.122917  904.431 0.0240246 0.000598496 0.209898 0.000514266 0.000836467 0.000210058 0.0188106 6.99924e-06 0.7451
0.123047  907.803 0.0239411 0.000611917 0.20955 0.000533917 0.000847144 0.000208414 0.0192123 6.89238e-06 0.745088
0.123177  911.203 0.0238565 0.00062555 0.209195 0.000554216 0.000858039 0.000206774 0.0196212 6.78504e-06 0.745076
0.123307  914.63 0.0237707 0.000639397 0.208833 0.000575179 0.000869163 0.000205137 0.0200374 6.67742e-06 0.745063
0.123437  918.084 0.0236837 0.000653459 0.208465 0.00059682 0.000880527 0.000203505 0.0204611 6.5697e-06 0.745049
0.123568  921.566 0.0235956 0.000667735 0.208089 0.000619155 0.000892145 0.000201877 0.0208924 6.46209e-06 0.745035
0.123698  925.073 0.0235063 0.000682225 0.207707 0.000642197 0.000904028 0.000200254 0.0213315 6.35477e-06 0.74502
0.123828  928.608 0.0234159 0.000696931 0.207317 0.000665962 0.000916188 0.000198636 0.0217784 6.24791e-06 0.745005
0.123958  932.169 0.0233243 0.000711852 0.206919 0.000690464 0.000928639 0.000197023 0.0222333 6.14171e-06 0.744989
0.124089  935.755 0.0232315 0.000726988 0.206514 0.000715718 0.000941394 0.000195416 0.0226965 6.03632e-06 0.744973
0.124219  939.368 0.0231376 0.000742338 0.206101 0.000741738 0.000954466 0.000193815 0.0231679 5.93192e-06 0.744956
0.124349  943.006 0.0230424 0.000757904 0.20568 0.000768537 0.000967868 0.00019222 0.0236477 5.82867e-06 0.744938
0.124479  946.669 0.0229461 0.000773683 0.205251 0.000796129 0.000981614 0.000190631 0.0241361 5.7267e-06 0.744919
0.124609  950.357 0.0228486 0.000789676 0.204813 0.000824529 0.000995719 0.000189049 0.0246333 5.62618e-06 0.7449
0.12474  954.07 0.0227499 0.000805882 0.204367 0.00085375 0.0010102 0.000187473 0.0251393 5.52724e-06 0.744881
0.12487  957.808 0.0226501 0.0008223 0.203913 0.000883804 0.00102506 0.000185905 0.0256543 5.43e-06 0.74486
0.125  961.57 0.022549 0.000838929 0.203449 0.000914705 0.00104032 0.000184344 0.0261785 5.3346e-06 0.74484
0.125065  963.46 0.0224981 0.000847322 0.203214 0.000930477 0.00104811 0.000183566 0.0264441 5.28762e-06 0.744829
0.12513  965.355 0.0224468 0.000855767 0.202977 0.000946466 0.00105601 0.00018279 0.026712 5.24115e-06 0.744818
0.125195  967.257 0.0223953 0.000864265 0.202737 0.000962672 0.00106401 0.000182016 0.0269822 5.19519e-06 0.744807
0.12526  969.165 0.0223434 0.000872815 0.202495 0.000979097 0.00107212 0.000181243 0.0272549 5.14976e-06 0.744796
0.125326  971.078 0.0222913 0.000881417 0.202251 0.000995744 0.00108034 0.000180473 0.0275299 5.10486e-06 0.744785
0.125391  972.998 0.0222388 0.00089007 0.202005 0.00101261 0.00108868 0.000179704 0.0278073 5.06052e-06 0.744773
0.125456  974.923 0.0221861 0.000898775 0.201756 0.0010297 0.00109713 0.000178938 0.0280872 5.01673e-06 0.744761
0.125521  976.853 0.0221331 0.000907531 0.201504 0.00104702 0.00110569 0.000178173 0.0283695 4.97352e-06 0.74475
0.125586  978.79 0.0220798 0.000916338 0.201251 0.00106456 0.00111438 0.000177411 0.0286542 4.93088e-06 0.744738
0.125651  980.732 0.0220262 0.000925196 0.200994 0.00108233 0.00112319 0.00017665 0.0289414 4.88884e-06 0.744726
0.125716  982.68 0.0219723 0.000934105 0.200736 0.00110033 0.00113212 0.000175892 0.0292312 4.8474e-06 0.744713
0.125781  984.633 0.0219181 0.000943064 0.200475 0.00111856 0.00114117 0.000175135 0.0295234 4.80656e-06 0.744701
0.125846  986.592 0.0218636 0.000952073 0.200211 0.00113702 0.00115035 0.00017438 0.0298181 4.76634e-06 0.744689
0.125911  988.557 0.0218089 0.000961132 0.199945 0.00115572 0.00115966 0.000173628 0.0301154 4.72675e-06 0.744676
0.125977  990.527 0.0217538 0.00097024 0.199676 0.00117464 0.0011691 0.000172877 0.0304153 4.68779e-06 0.744663
0.126042  992.502 0.0216985 0.000979398 0.199405 0.00119381 0.00117867 0.000172129 0.0307177 4.64946e-06 0.74465
0.126107  994.483 0.0216429 0.000988605 0.199131 0.0012132 0.00118838 0.000171382 0.0310227 4.61178e-06 0.744637
0.126172  996.469 0.021587 0.00099786 0.198855 0.00123284 0.00119822 0.000170638 0.0313303 4.57475e-06 0.744624
0.126237  998.461 0.0215308 0.00100716 0.198576 0.00125271 0.0012082 0.000169895 0.0316405 4.53838e-06 0.74461
0.126302  1000.46 0.0214743 0.00101652 0.198294 0.00127282 0.00121832 0.000169155 0.0319533 4.50267e-06 0.744597
0.126367  1002.46 0.0214175 0.00102592 0.19801 0.00129317 0.00122858 0.000168417 0.0322688 4.46762e-06 0.744583
0.126432  1004.47 0.0213605 0.00103536 0.197723 0.00131376 0.00123898 0.000167681 0.0325869 4.43324e-06 0.744569
0.126497  1006.48 0.0213032 0.00104486 0.197433 0.0013346 0.00124953 0.000166947 0.0329078 4.39953e-06 0.744555
0.126562  1008.5 0.0212456 0.0010544 0.197141 0.00135567 0.00126023 0.000166215 0.0332312 4.3665e-06 0.744541
0.126628  1010.52 0.0211877 0.00106398 0.196846 0.00137699 0.00127107 0.000165485 0.0335574 4.33415e-06 0.744527
0.126693  1012.55 0.0211295 0.00107362 0.196548 0.00139856 0.00128207 0.000164757 0.0338863 4.30248e-06 0.744513
0.126758  1014.58 0.0210711 0.0010833 0.196248 0.00142036 0.00129322 0.000164031 0.034218 4.27149e-06 0.744498
0.126823  1016.62 0.0210124 0.00109302 0.195944 0.00144242 0.00130452 0.000163308 0.0345523 4.24118e-06 0.744484
0.126888  1018.66 0.0209534 0.00110279 0.195638 0.00146472 0.00131598 0.000162586 0.0348894 4.21157e-06 0.744469
0.126953  1020.71 0.0208942 0.0011126 0.195329 0.00148726 0.0013276 0.000161867 0.0352293 4.18263e-06 0.744454
0.127018  1022.76 0.0208346 0.00112245 0.195017 0.00151005 0.00133938 0.000161149 0.0355719 4.15439e-06 0.744439
0.127083  1024.81 0.0207749 0.00113235 0.194703 0.00153309 0.00135133 0.000160434 0.0359173 4.12683e-06 0.744424
0.127148  1026.88 0.0207148 0.0011423 0.194385 0.00155638 0.00136343 0.000159721 0.0362655 4.09996e-06 0.744409
0.127214  1028.94 0.0206545 0.00115228 0.194065 0.00157992 0.0013757 0.00015901 0.0366165 4.07377e-06 0.744393
0.127279  1031.01 0.0205939 0.00116231 0.193741 0.0016037 0.00138814 0.000158301 0.0369703 4.04827e-06 0.744378
0.127344  1033.09 0.0205331 0.00117238 0.193415 0.00162774 0.00140075 0.000157594 0.0373269 4.02345e-06 0.744362
0.127409  1035.17 0.020472 0.00118249 0.193086 0.00165202 0.00141353 0.000156889 0.0376864 3.99932e-06 0.744347
0.127474  1037.25 0.0204106 0.00119264 0.192754 0.00167655 0.00142648 0.000156186 0.0380486 3.97586e-06 0.744331
0.127539  1039.34 0.020349 0.00120283 0.192419 0.00170133 0.00143961 0.000155485 0.0384137 3.95308e-06 0.744315
0.127604  1041.43 0.0202871 0.00121306 0.192081 0.00172636 0.00145291 0.000154787 0.0387817 3.93098e-06 0.744299
0.127669  1043.53 0.020225 0.00122332 0.19174 0.00175164 0.00146639 0.00015409 0.0391525 3.90956e-06 0.744283
0.127734  1045.63 0.0201627 0.00123363 0.191396 0.00177717 0.00148005 0.000153395 0.0395262 3.8888e-06 0.744267
0.127799  1047.74 0.0201 0.00124397 0.191049 0.00180295 0.0014939 0.000152703 0.0399027 3.86871e-06 0.744251
0.127865  1049.85 0.0200372 0.00125435 0.190699 0.00182898 0.00150792 0.000152012 0.0402821 3.84929e-06 0.744235
0.12793  1051.96 0.0199741 0.00126477 0.190346 0.00185525 0.00152213 0.000151324 0.0406643 3.83053e-06 0.744219
0.127995  1054.08 0.0199108 0.00127523 0.18999 0.00188178 0.00153652 0.000150637 0.0410495 3.81242e-06 0.744202
0.12806  1056.2 0.0198472 0.00128571 0.189631 0.00190855 0.0015511 0.000149953 0.0414375 3.79496e-06 0.744186
0.128125  1058.33 0.0197834 0.00129624 0.189268 0.00193557 0.00156587 0.00014927 0.0418284 3.77816e-06 0.744169
0.12819  1060.46 0.0197193 0.00130679 0.188903 0.00196284 0.00158083 0.00014859 0.0422221 3.762e-06 0.744153
0.128255  1062.59 0.0196551 0.00131739 0.188535 0.00199035 0.00159599 0.000147911 0.0426188 3.74647e-06 0.744136
0.12832  1064.73 0.0195906 0.00132801 0.188164 0.00201811 0.00161133 0.000147234 0.0430183 3.73158e-06 0.744119
0.128385  1066.87 0.0195259 0.00133866 0.187789 0.00204612 0.00162687 0.00014656 0.0434207 3.71732e-06 0.744102
0.128451  1069.01 0.0194609 0.00134935 0.187412 0.00207437 0.00164261 0.000145887 0.043826 3.70369e-06 0.744086
0.128516  1071.16 0.0193958 0.00136007 0.187031 0.00210286 0.00165855 0.000145216 0.0442341 3.69067e-06 0.744069
0.128581  1073.31 0.0193304 0.00137082 0.186647 0.0021316 0.00167468 0.000144548 0.0446452 3.67827e-06 0.744052
0.128646  1075.46 0.0192648 0.00138159 0.18626 0.00216059 0.00169102 0.000143881 0.0450591 3.66647e-06 0.744035
0.128711  1077.62 0.019199 0.0013924 0.18587 0.00218981 0.00170755 0.000143216 0.0454759 3.65528e-06 0.744018
0.128776  1079.78 0.019133 0.00140323 0.185477 0.00221927 0.00172429 0.000142553 0.0458955 3.64468e-06 0.744001
0.128841  1081.95 0.0190668 0.00141409 0.185081 0.00224898 0.00174123 0.000141891 0.0463181 3.63468e-06 0.743984
0.128906  1084.12 0.0190004 0.00142498 0.184682 0.00227892 0.00175838 0.000141232 0.0467434 3.62526e-06 0.743967
0.128971  1086.29 0.0189338 0.00143589 0.18428 0.0023091 0.00177574 0.000140575 0.0471716 3.61641e-06 0.74395
0.129036  1088.46 0.018867 0.00144683 0.183874 0.00233951 0.0017933 0.000139919 0.0476027 3.60815e-06 0.743933
0.129102  1090.64 0.0188 0.00145779 0.183465 0.00237017 0.00181107 0.000139265 0.0480366 3.60044e-06 0.743916
0.129167  1092.82 0.0187328 0.00146878 0.183054 0.00240105 0.00182905 0.000138613 0.0484733 3.5933e-06 0.743899
0.129232  1095 0.0186655 0.00147978 0.182639 0.00243217 0.00184724 0.000137963 0.0489128 3.58671e-06 0.743882
0.129297  1097.18 0.0185979 0.00149081 0.182221 0.00246351 0.00186564 0.000137315 0.0493552 3.58066e-06 0.743865
0.129362  1099.37 0.0185302 0.00150186 0.1818 0.00249509 0.00188425 0.000136668 0.0498003 3.57516e-06 0.743848
0.129427  1101.56 0.0184623 0.00151293 0.181376 0.00252689 0.00190308 0.000136023 0.0502482 3.57019e-06 0.743831
0.129492  1103.76 0.0183943 0.00152402 0.180949 0.00255892 0.00192212 0.00013538 0.0506989 3.56575e-06 0.743814
0.129557  1105.95 0.0183261 0.00153513 0.180518 0.00259117 0.00194138 0.000134739 0.0511523 3.56183e-06 0.743797
0.129622  1108.15 0.0182577 0.00154625 0.180085 0.00262364 0.00196085 0.000134099 0.0516085 3.55843e-06 0.743781
0.129688  1110.35 0.0181891 0.0015574 0.179648 0.00265634 0.00198054 0.000133462 0.0520674 3.55553e-06 0.743764
0.129753  1112.55 0.0181204 0.00156855 0.179209 0.00268925 0.00200045 0.000132825 0.0525291 3.55313e-06 0.743747
0.129818  1114.76 0.0180516 0.00157973 0.178766 0.00272239 0.00202057 0.000132191 0.0529934 3.55123e-06 0.74373
0.129883  1116.96 0.0179826 0.00159091 0.178321 0.00275573 0.00204092 0.000131558 0.0534604 3.54981e-06 0.743714
0.129948  1119.17 0.0179135 0.00160211 0.177872 0.00278929 0.00206148 0.000130927 0.0539301 3.54887e-06 0.743697
0.130013  1121.38 0.0178442 0.00161333 0.17742 0.00282306 0.00208226 0.000130298 0.0544025 3.54841e-06 0.74368
0.130078  1123.6 0.0177748 0.00162455 0.176966 0.00285704 0.00210326 0.00012967 0.0548775 3.54842e-06 0.743664
0.130143  1125.81 0.0177052 0.00163579 0.176508 0.00289122 0.00212448 0.000129044 0.055355 3.54888e-06 0.743647
0.130208  1128.03 0.0176356 0.00164703 0.176048 0.00292561 0.00214593 0.00012842 0.0558352 3.5498e-06 0.743631
0.130273  1130.25 0.0175658 0.00165829 0.175584 0.0029602 0.00216759 0.000127797 0.056318 3.55117e-06 0.743615
0.130339  1132.46 0.0174959 0.00166955 0.175117 0.00299499 0.00218948 0.000127176 0.0568033 3.55298e-06 0.743599
0.130404  1134.69 0.0174258 0.00168082 0.174648 0.00302997 0.00221158 0.000126556 0.0572911 3.55522e-06 0.743583
0.130469  1136.91 0.0173557 0.00169209 0.174176 0.00306515 0.00223391 0.000125938 0.0577814 3.55789e-06 0.743567
0.130534  1139.13 0.0172854 0.00170337 0.1737 0.00310052 0.00225646 0.000125322 0.0582742 3.56098e-06 0.743551
0.130599  1141.36 0.0172151 0.00171466 0.173222 0.00313608 0.00227924 0.000124707 0.0587694 3.56448e-06 0.743535
0.130664  1143.58 0.0171447 0.00172594 0.172741 0.00317183 0.00230223 0.000124093 0.0592671 3.5684e-06 0.743519
0.130729  1145.81 0.0170741 0.00173723 0.172257 0.00320775 0.00232545 0.000123482 0.0597672 3.57271e-06 0.743504
0.130794  1148.04 0.0170035 0.00174852 0.171771 0.00324386 0.00234889 0.000122871 0.0602696 3.57741e-06 0.743488
0.130859  1150.27 0.0169328 0.00175982 0.171281 0.00328015 0.00237255 0.000122263 0.0607744 3.58251e-06 0.743473
0.130924  1152.5 0.016862 0.00177111 0.170789 0.00331661 0.00239643 0.000121656 0.0612815 3.58799e-06 0.743458
0.13099  1154.73 0.0167912 0.0017824 0.170294 0.00335325 0.00242054 0.00012105 0.0617909 3.59384e-06 0.743443
0.131055  1156.97 0.0167202 0.00179368 0.169797 0.00339005 0.00244486 0.000120446 0.0623025 3.60006e-06 0.743428
0.13112  1159.2 0.0166493 0.00180497 0.169296 0.00342702 0.00246941 0.000119843 0.0628164 3.60665e-06 0.743413
0.131185  1161.43 0.0165782 0.00181625 0.168793 0.00346415 0.00249418 0.000119242 0.0633325 3.61359e-06 0.743399
0.13125  1163.67 0.0165071 0.00182752 0.168288 0.00350144 0.00251917 0.000118643 0.0638507 3.62088e-06 0.743384
0.131315  1165.9 0.0164359 0.00183879 0.167779 0.00353889 0.00254437 0.000118044 0.0643711 3.62852e-06 0.74337
0.13138  1168.13 0.0163647 0.00185005 0.167269 0.00357649 0.0025698 0.000117448 0.0648935 3.63649e-06 0.743356
0.131445  1170.37 0.0162935 0.0018613 0.166755 0.00361424 0.00259545 0.000116853 0.065418 3.6448e-06 0.743342
0.13151  1172.6 0.0162222 0.00187254 0.16624 0.00365214 0.00262131 0.000116259 0.0659445 3.65343e-06 0.743328
0.131576  1174.84 0.0161509 0.00188378 0.165721 0.00369018 0.00264739 0.000115667 0.0664731 3.66238e-06 0.743314
0.131641  1177.08 0.0160795 0.001895 0.1652 0.00372836 0.00267369 0.000115076 0.0670036 3.67165e-06 0.743301
0.131706  1179.31 0.0160082 0.00190621 0.164677 0.00376668 0.0027002 0.000114487 0.0675359 3.68123e-06 0.743287
0.131771  1181.55 0.0159368 0.0019174 0.164152 0.00380513 0.00272693 0.000113899 0.0680702 3.69111e-06 0.743274
0.131836  1183.78 0.0158654 0.00192858 0.163624 0.00384371 0.00275387 0.000113312 0.0686063 3.70129e-06 0.743261
0.131901  1186.01 0.015794 0.00193975 0.163094 0.00388241 0.00278103 0.000112727 0.0691443 3.71176e-06 0.743248
0.131966  1188.25 0.0157226 0.0019509 0.162561 0.00392124 0.0028084 0.000112144 0.0696839 3.72251e-06 0.743236
0.132031  1190.48 0.0156511 0.00196203 0.162026 0.00396019 0.00283598 0.000111562 0.0702253 3.73355e-06 0.743224
0.132096  1192.72 0.0155797 0.00197315 0.16149 0.00399925 0.00286377 0.000110981 0.0707684 3.74486e-06 0.743211
0.132161  1194.95 0.0155084 0.00198424 0.160951 0.00403842 0.00289177 0.000110402 0.0713132 3.75644e-06 0.743199
0.132227  1197.18 0.015437 0.00199532 0.160409 0.0040777 0.00291997 0.000109824 0.0718595 3.76828e-06 0.743188
0.132292  1199.41 0.0153656 0.00200637 0.159866 0.00411709 0.00294839 0.000109248 0.0724074 3.78039e-06 0.743176
0.132357  1201.64 0.0152943 0.0020174 0.159321 0.00415657 0.00297701 0.000108673 0.0729568 3.79274e-06 0.743165
0.132422  1203.87 0.015223 0.00202841 0.158773 0.00419616 0.00300583 0.0001081 0.0735076 3.80535e-06 0.743154
0.132487  1206.1 0.0151518 0.0020394 0.158224 0.00423583 0.00303486 0.000107528 0.07406 3.8182e-06 0.743143
0.132552  1208.32 0.0150805 0.00205036 0.157673 0.00427559 0.00306408 0.000106958 0.0746136 3.83128e-06 0.743132
0.132617  1210.55 0.0150094 0.00206129 0.15712 0.00431544 0.00309351 0.000106389 0.0751687 3.8446e-06 0.743121
0.132682  1212.77 0.0149382 0.0020722 0.156565 0.00435537 0.00312314 0.000105821 0.075725 3.85815e-06 0.743111
0.132747  1215 0.0148672 0.00208308 0.156009 0.00439537 0.00315296 0.000105255 0.0762826 3.87192e-06 0.743101
0.132812  1217.22 0.0147962 0.00209393 0.15545 0.00443545 0.00318298 0.00010469 0.0768414 3.88591e-06 0.743091
0.132878  1219.44 0.0147252 0.00210475 0.15489 0.0044756 0.00321319 0.000104127 0.0774013 3.90011e-06 0.743082
0.132943  1221.66 0.0146544 0.00211554 0.154328 0.00451581 0.00324359 0.000103566 0.0779623 3.91452e-06 0.743072
0.133008  1223.87 0.0145836 0.0021263 0.153765 0.00455609 0.00327418 0.000103005 0.0785245 3.92913e-06 0.743063
0.133073  1226.09 0.0145129 0.00213703 0.1532 0.00459642 0.00330496 0.000102447 0.0790876 3.94395e-06 0.743054
0.133138  1228.3 0.0144422 0.00214772 0.152634 0.00463681 0.00333593 0.000101889 0.0796517 3.95895e-06 0.743046
