TITLE="Graphics"
VARIABLES= "x", "T1", "Y_H2_1", 
"Y_H_1", "Y_O2_1", "Y_O_1", "Y_OH_1", "Y_HO2_1", "Y_H2O_1", "Y_H2O2_1", "Y_N2_1"
0  300 0.0285219 0 0.226362 0 0 0 0 0 0.745116
0.025  300.053 0.0285208 3.7378e-11 0.226363 0 6.33928e-07 3.76069e-07 1.92504e-07 0 0.745117
0.05  299.984 0.0285226 1.4019e-11 0.226361 2.45188e-24 2.28516e-07 1.11284e-06 5.3091e-07 0 0.745115
0.074  300.078 0.0285197 0 0.226363 1.027e-07 7.84601e-23 6.06892e-07 4.43475e-07 5.03095e-07 0.745118
0.098  299.942 0.0285249 7.63422e-11 0.226361 8.75815e-08 1.2759e-06 0 1.27853e-07 1.64068e-07 0.745114
0.1  299.944 0.0285247 9.06036e-11 0.226361 7.86491e-08 1.5428e-06 0 1.16518e-07 8.24775e-08 0.745114
0.108333  300.025 0.0285217 1.57659e-10 0.226362 2.27189e-08 2.90556e-06 2.78112e-07 3.32741e-08 0 0.745115
0.116667  299.792 0.0285512 3.54853e-10 0.226352 0 6.59279e-06 1.15458e-06 7.20004e-07 2.64698e-23 0.745095
0.11875  299.865 0.028507 3.68486e-10 0.226365 0 6.97041e-06 1.32947e-06 1.00498e-06 0 0.745126
0.120833  300.118 0.0284242 3.89758e-10 0.226389 0 7.36309e-06 1.48431e-06 1.33462e-06 0 0.745184
0.122917  301.005 0.0282689 5.46924e-10 0.226434 0 7.83841e-06 1.77213e-06 2.28073e-06 2.64698e-23 0.745294
0.125  304.118 0.0279775 2.7393e-09 0.226512 0 8.59927e-06 4.80816e-06 1.38254e-05 0 0.745491
0.126042  308.551 0.027741 1.59082e-08 0.226521 0 1.0196e-05 2.72448e-05 8.19202e-05 2.11758e-22 0.745623
0.127083  316.241 0.0274307 7.62497e-08 0.22646 3.28513e-07 1.46889e-05 8.03953e-05 0.000246645 3.63178e-06 0.745764
0.128125  329.26 0.0270355 3.41252e-07 0.226226 1.09266e-06 2.80675e-05 0.000185484 0.00061619 2.33583e-05 0.745884
0.129167  350.337 0.0265486 1.37296e-06 0.225664 2.72321e-06 6.62985e-05 0.000341614 0.00136994 6.14726e-05 0.745944
0.130208  382.029 0.0259714 4.78557e-06 0.224594 6.54773e-06 0.000162757 0.000492772 0.00272925 0.000121331 0.745917
0.13125  425.092 0.0253114 1.4053e-05 0.222854 1.48714e-05 0.000355494 0.000570212 0.00487375 0.000196832 0.74581
0.132292  477.567 0.0245754 3.44384e-05 0.220337 2.98926e-05 0.000638931 0.000570105 0.00790347 0.000267374 0.745644
0.133333  535.8 0.0237722 7.10655e-05 0.217079 5.30359e-05 0.000935115 0.000529946 0.0118248 0.000306789 0.745428
0.1375  786.04 0.0199939 0.000389392 0.198882 0.000257735 0.00125751 0.000308952 0.0347942 0.000115116 0.744001
0.141667  1004.33 0.0158288 0.000879221 0.173188 0.00131517 0.00142409 0.000182595 0.0653179 2.15445e-05 0.741842
0.145833  1191.99 0.0116345 0.00141656 0.136048 0.00319928 0.00252919 0.000112538 0.103959 6.03344e-06 0.741095
0.15  1342.8 0.00821183 0.00182102 0.0985012 0.00495227 0.004326 6.96033e-05 0.140127 5.46051e-06 0.741986
0.158333  1540.36 0.00485592 0.00200617 0.0549467 0.00646036 0.00775516 3.1199e-05 0.180069 7.38369e-06 0.743868
0.166667  1660.02 0.003974 0.00182 0.0402953 0.00650215 0.00977808 1.95522e-05 0.193061 7.95094e-06 0.744542
0.175  1742.29 0.00374297 0.00160142 0.0348422 0.00611779 0.0108111 1.50745e-05 0.198124 7.5942e-06 0.744738
0.183333  1803.88 0.00364536 0.00141905 0.0320306 0.00566703 0.0113537 1.26951e-05 0.201066 6.93524e-06 0.744799
0.191667  1852.45 0.00357019 0.00127317 0.0301122 0.00524797 0.0116503 1.11298e-05 0.203307 6.24652e-06 0.744822
0.2  1892.1 0.00349691 0.00115399 0.0285986 0.00487355 0.0118043 9.97973e-06 0.205228 5.61401e-06 0.74483
0.25  2018.93 0.00312166 0.000779286 0.0237019 0.00355413 0.0117101 6.84325e-06 0.212325 3.4932e-06 0.744798
0.3  2110.67 0.00287293 0.000580208 0.0199724 0.00272434 0.0113107 5.0695e-06 0.217712 2.23889e-06 0.74482
0.375  2110.67 0.00287293 0.000580208 0.0199724 0.00272434 0.0113107 5.0695e-06 0.217712 2.23889e-06 0.74482
