TITLE="Graphics"
VARIABLES= "x", "T1", "Y_H2_1", 
"Y_H_1", "Y_O2_1", "Y_O_1", "Y_OH_1", "Y_HO2_1", "Y_H2O_1", "Y_H2O2_1", "Y_N2_1"
0  300 0.0285219 0 0.226362 0 0 0 0 0 0.745116
0.025  299.968 0.0285218 5.49858e-11 0.226363 0 1.01046e-06 0 0 7.95435e-06 0.745116
0.05  300.009 0.0285217 7.60987e-11 0.22636 0 1.46125e-06 2.7778e-06 1.29057e-06 1.05879e-22 0.745116
0.062  300.012 0.0285217 5.60516e-12 0.22636 2.08171e-07 7.27143e-08 1.38294e-06 6.38616e-07 2.386e-06 0.745116
0.074  299.995 0.0285217 1.97468e-10 0.22636 3.30872e-24 3.70674e-06 2.04526e-06 5.17887e-07 0 0.745116
0.086  299.993 0.0285214 3.51441e-10 0.226359 1.34957e-23 8.82853e-06 1.86843e-06 2.01028e-06 0 0.745116
0.098  300.013 0.0285215 4.36713e-10 0.226357 0 9.60373e-06 1.9292e-06 5.01934e-06 3.17637e-22 0.745116
0.099  300.016 0.0285214 4.36598e-10 0.226357 0 9.42064e-06 1.94903e-06 5.27616e-06 0 0.745116
0.1  300.018 0.0285214 4.34601e-10 0.226357 0 9.19451e-06 1.97117e-06 5.53359e-06 0 0.745116
0.104167  300.03 0.0285209 3.99714e-10 0.226357 0 7.69329e-06 2.08997e-06 6.61966e-06 5.29396e-22 0.745116
0.108333  300.044 0.0285191 3.04056e-10 0.226357 1.10096e-07 5.254e-06 2.22063e-06 7.63121e-06 2.64698e-23 0.745117
0.1125  300.056 0.0285121 2.19641e-10 0.226359 2.07855e-07 3.29291e-06 2.325e-06 8.37256e-06 0 0.745122
0.116667  300.05 0.0284835 1.08565e-10 0.226368 4.4246e-07 1.22969e-06 2.41001e-06 8.87418e-06 0 0.745143
0.117708  300.098 0.0284628 7.93113e-11 0.226374 5.07533e-07 1.00563e-06 2.44994e-06 8.97444e-06 0 0.745157
0.11875  300.18 0.0284346 6.28094e-11 0.226382 5.7494e-07 8.12931e-07 2.5005e-06 9.07705e-06 0 0.745177
0.120833  300.531 0.0283484 4.73716e-11 0.226407 7.1686e-07 5.23409e-07 2.64811e-06 9.39523e-06 0 0.745237
0.121875  301.029 0.0282774 4.86594e-11 0.226427 7.85761e-07 4.3286e-07 3.14052e-06 1.09821e-05 0 0.745287
0.122917  301.906 0.0281815 7.65805e-11 0.226452 8.48352e-07 3.95672e-07 4.38803e-06 1.5051e-05 0 0.745352
0.123958  303.451 0.0280523 4.31302e-10 0.226481 8.98785e-07 4.63183e-07 7.65135e-06 2.54994e-05 0 0.745437
0.125  306.163 0.0278788 2.35309e-09 0.226508 9.3605e-07 7.77454e-07 1.61966e-05 5.21307e-05 5.92958e-07 0.745545
0.125521  308.281 0.0277702 6.09057e-09 0.226513 9.56255e-07 1.29666e-06 2.54992e-05 8.06113e-05 1.57116e-06 0.745607
0.126042  311.057 0.0276452 1.43689e-08 0.226509 9.85574e-07 3.18244e-06 3.97562e-05 0.000124409 3.08755e-06 0.745675
0.126562  314.686 0.027502 3.29725e-08 0.226487 1.03747e-06 5.96445e-06 6.11158e-05 0.000191207 6.64326e-06 0.745745
0.127083  319.403 0.0273385 7.42293e-08 0.226438 1.13485e-06 1.01335e-05 9.21721e-05 0.000292062 1.19794e-05 0.745816
0.127604  325.497 0.027153 1.63544e-07 0.226348 1.31477e-06 1.65508e-05 0.000135494 0.000442246 1.98396e-05 0.745883
0.128125  333.296 0.0269437 3.5112e-07 0.226198 1.63622e-06 2.67201e-05 0.000192703 0.000662201 3.10907e-05 0.745943
0.128646  343.157 0.0267097 7.30675e-07 0.225967 2.19129e-06 4.31285e-05 0.000262949 0.000977401 4.65962e-05 0.745991
0.129167  355.427 0.0264501 1.46692e-06 0.225629 3.12111e-06 6.95853e-05 0.000341628 0.00141785 6.70612e-05 0.74602
0.129688  370.397 0.0261653 2.82761e-06 0.22516 4.62866e-06 0.000111196 0.000420153 0.00201494 9.27997e-05 0.746029
0.130208  388.237 0.0258558 5.21378e-06 0.224535 6.98102e-06 0.000173647 0.000488196 0.00279845 0.000123535 0.746014
0.130729  408.95 0.0255229 9.16957e-06 0.223731 1.04738e-05 0.000261501 0.000537404 0.00379254 0.000158082 0.745977
0.13125  432.358 0.0251682 1.53571e-05 0.222733 1.53692e-05 0.000375911 0.000564426 0.00501368 0.000194153 0.74592
0.131771  458.125 0.0247933 2.4496e-05 0.221529 2.18336e-05 0.000513 0.000571133 0.00647157 0.000228508 0.745848
0.132292  485.815 0.0243999 3.72662e-05 0.22012 2.9918e-05 0.000663661 0.000562408 0.00816827 0.000257544 0.745761
0.132812  514.957 0.0239895 5.42327e-05 0.218516 3.96413e-05 0.000815412 0.000543642 0.0101016 0.000278224 0.745662
0.133333  545.091 0.0235638 7.57663e-05 0.216735 5.11289e-05 0.000954683 0.000519304 0.0122624 0.000288732 0.745549
0.135417  670.929 0.0217307 0.000206028 0.20818 0.000117492 0.00127725 0.00040138 0.0228702 0.00023271 0.744985
0.1375  791.542 0.0197739 0.000394838 0.198177 0.000290739 0.00126619 0.000303998 0.0355026 0.000128768 0.744162
0.139583  903.725 0.0177366 0.00062267 0.186419 0.000681092 0.00125364 0.000232323 0.0498315 5.59035e-05 0.743167
0.141667  1007.87 0.0156465 0.000875888 0.172166 0.00133378 0.00142804 0.000180638 0.0661285 2.13642e-05 0.742219
0.14375  1104.34 0.0135557 0.00113886 0.155241 0.00219933 0.0018498 0.000142184 0.0842999 8.92588e-06 0.741564
0.145833  1192.75 0.0115513 0.00139087 0.136461 0.00316324 0.00250845 0.000112368 0.103466 5.49932e-06 0.741342
0.147917  1272.37 0.00973273 0.00161049 0.117365 0.00409681 0.003348 8.87195e-05 0.122222 5.02475e-06 0.741531
0.15  1342.8 0.00817968 0.00178192 0.0996017 0.00490043 0.00428721 7.0056e-05 0.139181 5.38168e-06 0.741992
0.154167  1457.5 0.00595802 0.0019663 0.0713684 0.00597413 0.00619 4.45838e-05 0.165334 6.54245e-06 0.743158
0.158333  1543.77 0.00475721 0.00197875 0.0542264 0.00643441 0.00778414 3.06633e-05 0.180757 7.42419e-06 0.744024
0.1625  1610.34 0.00417513 0.00190151 0.0446821 0.0065275 0.00896718 2.32235e-05 0.189185 7.8777e-06 0.74453
0.166667  1663.62 0.00390409 0.00179192 0.0393778 0.00642877 0.00979737 1.90547e-05 0.193877 7.97308e-06 0.744796
0.170833  1707.7 0.00377411 0.00167864 0.0362495 0.0062399 0.0103738 1.65005e-05 0.19673 7.83388e-06 0.74493
0.175  1745.11 0.00370372 0.00157291 0.0342116 0.00601589 0.0107801 1.47708e-05 0.198696 7.56426e-06 0.744997
0.179167  1777.48 0.00365711 0.00147789 0.032734 0.00578499 0.011073 1.34946e-05 0.20022 7.23255e-06 0.745032
0.183333  1805.91 0.00361934 0.00139349 0.031563 0.00556037 0.0112886 1.24914e-05 0.201504 6.87893e-06 0.745052
0.1875  1831.18 0.00358451 0.00131857 0.0305759 0.00534747 0.0114491 1.1668e-05 0.202642 6.52553e-06 0.745064
0.191667  1853.86 0.00355048 0.00125176 0.0297108 0.00514785 0.0115689 1.09723e-05 0.203681 6.18389e-06 0.745072
0.195833  1874.38 0.00351661 0.00119179 0.0289343 0.00496132 0.0116576 1.03723e-05 0.204645 5.85944e-06 0.745077
0.2  1893.12 0.00348293 0.00113756 0.0282269 0.00478703 0.0117219 9.84659e-06 0.205548 5.55429e-06 0.745081
0.225  1975.65 0.00329443 0.000907088 0.0250702 0.00399054 0.0118119 7.74703e-06 0.209821 4.17919e-06 0.745093
0.25  2032.39 0.00312599 0.000756814 0.0228416 0.00342402 0.0116658 6.48803e-06 0.213078 3.27702e-06 0.745098
0.3  2104.98 0.00286032 0.000577275 0.0199157 0.00270096 0.0112028 5.087e-06 0.217636 2.26192e-06 0.7451
0.375  2171.05 0.00257477 0.000430528 0.0171601 0.00206965 0.0104926 4.01527e-06 0.222163 1.5151e-06 0.745104
0.4875  2225.66 0.00228239 0.000317692 0.0148203 0.00156603 0.00963209 3.27063e-06 0.226275 1.02252e-06 0.745102
0.65625  2283.95 0.00196507 0.000218735 0.0121994 0.00109593 0.00851594 2.6239e-06 0.230898 6.30858e-07 0.745104
0.909375  2283.95 0.00196507 0.000218735 0.0121994 0.00109593 0.00851594 2.6239e-06 0.230898 6.30858e-07 0.745104
