TITLE="Graphics"
VARIABLES= "x", "T1", "Y_H2_1", 
"Y_H_1", "Y_O2_1", "Y_O_1", "Y_OH_1", "Y_HO2_1", "Y_H2O_1", "Y_H2O2_1", "Y_N2_1"
0  300 0.0554618 0 0.220085 0 0 0 0 0 0.724453
0.05  300.051 0.0554507 0 0.220055 3.46139e-09 0 1.5862e-05 3.54544e-05 8.68679e-07 0.724443
0.098  299.988 0.055464 2.57828e-12 0.220085 1.22729e-06 2.51548e-08 0 0 2.80106e-06 0.724452
0.1  299.988 0.0554639 4.33544e-11 0.220085 1.17278e-06 1.29458e-07 0 0 2.54841e-06 0.724452
0.108333  299.987 0.0554629 2.72517e-10 0.220079 8.86314e-07 1.75934e-06 4.27721e-09 6.44638e-06 1.33206e-06 0.72445
0.116667  299.975 0.0553845 4.97248e-10 0.220119 3.25324e-07 3.5608e-06 5.20702e-09 1.06671e-32 0 0.724507
0.120833  299.984 0.0550526 2.26553e-09 0.220232 2.26581e-07 4.83055e-06 4.85234e-07 6.54566e-06 0 0.724705
0.125  300.125 0.0543441 4.59936e-08 0.22039 5.24729e-07 9.46111e-06 5.03645e-05 0.000246434 0 0.72496
0.127083  312.004 0.0537446 4.73382e-07 0.219853 1.53302e-06 3.16972e-05 0.00024591 0.00109435 5.07312e-05 0.724977
0.129167  342.076 0.0529526 3.13817e-06 0.218452 4.72685e-06 0.000114839 0.000528116 0.00289896 0.000162294 0.724883
0.13125  400.865 0.0519489 1.69482e-05 0.215596 1.59844e-05 0.000393121 0.000686686 0.00628747 0.000336349 0.724719
0.133333  484.341 0.0507233 6.60321e-05 0.210895 4.36467e-05 0.000890539 0.000651875 0.0116869 0.000494409 0.724548
0.141667  871.015 0.0435549 0.00086844 0.182381 0.00039827 0.000872928 0.000251069 0.0501809 5.76988e-05 0.721434
0.15  1180.1 0.03456 0.00244845 0.106152 0.00190163 0.00150164 9.80075e-05 0.13173 3.36303e-06 0.721605
0.166667  1464.01 0.0255089 0.00388697 0.0169825 0.0012966 0.00264837 1.24522e-05 0.226221 8.57275e-07 0.723442
0.183333  1580.93 0.0246273 0.00356732 0.00287431 0.000678274 0.00294878 1.84415e-06 0.241489 7.35681e-07 0.723813
0.2  1649.61 0.024863 0.00314277 0.000871897 0.000519952 0.00304444 5.36816e-07 0.243718 6.76753e-07 0.723839
0.25  1788.56 0.0256962 0.00233503 0.000351504 0.000355176 0.00308087 2.0106e-07 0.244314 4.91146e-07 0.723867
0.3  1788.56 0.0256962 0.00233503 0.000351504 0.000355176 0.00308087 2.0106e-07 0.244314 4.91146e-07 0.723867
