TITLE="Graphics"
VARIABLES= "x", "T1", "Y_H2_1", 
"Y_H_1", "Y_O2_1", "Y_O_1", "Y_OH_1", "Y_HO2_1", "Y_H2O_1", "Y_H2O2_1", "Y_N2_1"
0  300 0.0554618 0 0.220085 0 0 0 0 0 0.724453
0.0125  300 0.0554618 4.00213e-13 0.220085 2.58494e-26 3.41883e-09 1.57829e-08 7.22859e-09 3.00085e-25 0.724453
0.025  300 0.0554618 0 0.220085 0 0 1.06186e-09 3.23156e-10 1.64669e-09 0.724453
0.0375  300 0.0554618 1.01238e-12 0.220085 1.03398e-25 8.64671e-09 2.29391e-08 1.0466e-08 0 0.724453
0.05  300 0.0554618 1.7836e-13 0.220085 9.37767e-27 1.50061e-09 5.18034e-09 1.71347e-09 2.73966e-09 0.724453
0.062  300 0.0554618 2.73079e-12 0.220085 0 2.33431e-08 3.32647e-08 1.43968e-08 1.35428e-24 0.724453
0.074  300 0.0554618 7.6896e-12 0.220085 0 6.57066e-08 1.82049e-08 5.13574e-09 0 0.724453
0.086  300 0.0554618 3.36409e-12 0.220085 8.43897e-10 2.83883e-08 1.24998e-07 6.11471e-08 0 0.724453
0.098  300 0.0554619 1.19599e-11 0.220085 9.37912e-09 1.03819e-07 3.49929e-09 1.0154e-09 6.46334e-08 0.724453
0.0985  300 0.0554619 1.33814e-11 0.220085 7.97696e-09 1.16362e-07 6.22038e-09 0 5.78324e-08 0.724453
0.099  300 0.0554619 1.48696e-11 0.220085 6.41419e-09 1.29511e-07 9.22662e-09 0 4.98316e-08 0.724453
0.0995  300 0.0554619 1.64221e-11 0.220085 4.68341e-09 1.43252e-07 1.25329e-08 0 4.03193e-08 0.724453
0.1  300 0.0554619 1.80363e-11 0.220085 2.77681e-09 1.57581e-07 1.61569e-08 0 2.88042e-08 0.724453
0.104167  299.999 0.0554618 5.85323e-11 0.220085 4.1359e-25 5.14947e-07 6.11771e-08 3.30872e-24 0 0.724453
0.108333  299.998 0.0554615 1.08211e-10 0.220085 0 9.5644e-07 2.02393e-07 6.0288e-10 0 0.724453
0.110417  299.998 0.0554608 1.31098e-10 0.220085 0 1.1631e-06 2.95861e-07 1.82501e-08 3.97047e-23 0.724454
0.1125  300 0.0554594 1.50182e-10 0.220085 0 1.33845e-06 4.01056e-07 5.74838e-08 3.30872e-24 0.724455
0.114583  300.006 0.0554563 1.60355e-10 0.220086 8.27181e-25 1.42574e-06 5.11403e-07 1.04955e-07 3.5065e-23 0.724457
0.116667  300.024 0.0554496 1.66492e-10 0.220089 9.92617e-24 1.48068e-06 6.23609e-07 1.60937e-07 6.61744e-24 0.724461
0.11875  300.082 0.0554353 1.6953e-10 0.220094 0 1.49989e-06 7.35179e-07 2.25376e-07 0 0.72447
0.120833  300.266 0.0554048 1.76196e-10 0.220105 0 1.49658e-06 8.48281e-07 3.00949e-07 0 0.724489
0.122917  300.845 0.0553396 2.53166e-10 0.220129 0 1.56786e-06 1.01e-06 4.4738e-07 0 0.72453
0.125  302.671 0.0552002 1.16556e-09 0.220178 0 2.11647e-06 1.76702e-06 2.29382e-06 0 0.724617
0.126042  305.041 0.0550727 5.51891e-09 0.220206 4.71024e-09 3.44318e-06 1.07619e-05 1.92013e-05 2.74998e-08 0.724689
0.126562  306.835 0.0549891 1.25201e-08 0.220215 3.80165e-08 4.69012e-06 2.06788e-05 3.81067e-05 4.8687e-07 0.724732
0.127083  309.146 0.0548901 2.66592e-08 0.220216 1.44467e-07 6.52303e-06 3.5904e-05 6.77928e-05 2.28368e-06 0.724781
0.127604  312.116 0.0547734 5.56418e-08 0.220205 2.89977e-07 9.26027e-06 5.86821e-05 0.000113996 5.15506e-06 0.724834
0.128125  315.917 0.0546365 1.14565e-07 0.220172 4.91302e-07 1.34266e-05 9.16973e-05 0.000185145 9.6566e-06 0.724891
0.128646  320.754 0.0544771 2.32279e-07 0.220107 7.74729e-07 1.98904e-05 0.000137643 0.00029318 1.65394e-05 0.724948
0.129167  326.867 0.0542929 4.62273e-07 0.219992 1.18264e-06 3.00805e-05 0.00019843 0.000454534 2.67506e-05 0.725004
0.129688  334.518 0.054082 8.99583e-07 0.219809 1.7825e-06 4.62553e-05 0.000273884 0.000690505 4.13623e-05 0.725054
0.130208  343.978 0.053843 1.70594e-06 0.219536 2.67911e-06 7.17876e-05 0.000360563 0.00102739 6.14568e-05 0.725095
0.130729  355.498 0.0535753 3.14132e-06 0.219148 4.02407e-06 0.000111221 0.000451199 0.0014949 8.79116e-05 0.725125
0.13125  369.268 0.0532791 5.59919e-06 0.218618 6.01548e-06 0.000169851 0.000535943 0.00212404 0.000121138 0.72514
0.131771  385.381 0.0529554 9.63316e-06 0.217922 8.87309e-06 0.00025249 0.000605209 0.00294403 0.0001607 0.725141
0.132292  403.804 0.0526054 1.59606e-05 0.217036 1.27823e-05 0.000361425 0.000652869 0.00397966 0.000204875 0.725131
0.132812  424.369 0.052231 2.54356e-05 0.215942 1.78252e-05 0.000494184 0.000677859 0.00525084 0.000250443 0.72511
0.133333  446.801 0.051834 3.89756e-05 0.214632 2.39327e-05 0.000641606 0.000683307 0.00677139 0.000292945 0.725082
0.135417  550.195 0.0500569 0.000139065 0.207478 5.64743e-05 0.00120734 0.000569797 0.0151724 0.000389678 0.72493
0.1375  658.564 0.0480618 0.000331625 0.198201 9.73356e-05 0.00131211 0.000440134 0.026579 0.000298721 0.724678
0.139583  762.103 0.0459245 0.000597928 0.187867 0.000195208 0.00113974 0.00033334 0.0395166 0.000166049 0.72426
0.141667  858.733 0.0436793 0.000921264 0.176358 0.000406894 0.000990628 0.000255763 0.0536371 7.28476e-05 0.723678
0.14375  948.815 0.0413413 0.00129265 0.16297 0.000746724 0.000968605 0.000200107 0.0694393 2.6668e-05 0.723015
0.145833  1032.67 0.0389445 0.00170072 0.147155 0.00117733 0.00108024 0.000158648 0.0873553 8.89093e-06 0.72242
0.147917  1110 0.0365543 0.00212646 0.129021 0.00162401 0.00129909 0.000126118 0.107207 3.26951e-06 0.722039
0.15  1180.1 0.0342619 0.00254408 0.109484 0.00199884 0.00157999 9.95262e-05 0.128086 1.7043e-06 0.721944
0.154167  1297.58 0.0302213 0.00328303 0.070231 0.00231247 0.00214975 5.81878e-05 0.169276 1.20606e-06 0.722467
0.158333  1383.83 0.0274317 0.00374807 0.0405879 0.00204349 0.00251719 3.16138e-05 0.200403 1.038e-06 0.723236
0.1625  1445.76 0.0258078 0.00395441 0.0220738 0.00157159 0.00270403 1.63562e-05 0.220049 9.14031e-07 0.723822
0.166667  1491.33 0.0249922 0.00398504 0.0117033 0.00117079 0.00280526 8.30107e-06 0.231157 8.30956e-07 0.724177
0.170833  1526.49 0.0246509 0.00391811 0.00623173 0.000908517 0.00287611 4.25619e-06 0.237038 7.81675e-07 0.724372
0.175  1555.03 0.0245588 0.00380568 0.00342536 0.000754183 0.00293346 2.26994e-06 0.240045 7.52694e-07 0.724474
0.179167  1579.14 0.0245875 0.00367695 0.00200148 0.000664413 0.00297983 1.29916e-06 0.24156 7.33464e-07 0.724528
0.183333  1600.13 0.0246696 0.00354648 0.00127738 0.000608921 0.00301521 8.20028e-07 0.242325 7.1789e-07 0.724555
0.1875  1618.77 0.0247719 0.00342083 0.000904069 0.000570822 0.00304025 5.77966e-07 0.242721 7.0308e-07 0.72457
0.191667  1635.55 0.0248786 0.00330251 0.000706111 0.000541566 0.00305615 4.50635e-07 0.242936 6.87903e-07 0.724578
0.195833  1650.81 0.0249828 0.0031921 0.000595976 0.000517025 0.00306437 3.79361e-07 0.243064 6.72068e-07 0.724583
0.2  1664.81 0.0250814 0.00308935 0.000529098 0.000495198 0.00306632 3.35365e-07 0.243153 6.5564e-07 0.724584
0.225  1727.57 0.0255427 0.0026161 0.000385323 0.000395092 0.00299655 2.34403e-07 0.243474 5.56935e-07 0.724589
0.25  1771.46 0.0258643 0.00228127 0.000307066 0.000322371 0.00286977 1.81505e-07 0.243763 4.67951e-07 0.724591
0.275  1804.24 0.0261022 0.00203004 0.000252449 0.000268337 0.00273 1.46228e-07 0.244024 3.94577e-07 0.724593
0.3  1829.64 0.0262864 0.00183313 0.00021176 0.000227065 0.00259137 1.20864e-07 0.244256 3.35451e-07 0.724593
0.35  1866.55 0.0265513 0.00154747 0.00015688 0.000170381 0.00234604 8.77541e-08 0.244633 2.50813e-07 0.724595
0.4  1892.18 0.0267366 0.00134398 0.000121492 0.000132995 0.00213518 6.71133e-08 0.244935 1.94177e-07 0.724595
0.6  1943.35 0.0271077 0.000930191 6.11596e-05 6.797e-05 0.00161602 3.32025e-08 0.245622 9.6038e-08 0.724595
1  1987.71 0.0274249 0.000574672 2.43242e-05 2.73509e-05 0.00107461 1.33252e-08 0.246279 3.67812e-08 0.724595
1.8  1987.71 0.0274249 0.000574672 2.43242e-05 2.73509e-05 0.00107461 1.33252e-08 0.246279 3.67812e-08 0.724595
