TITLE="Graphics"
VARIABLES= "x", "T1", "Y_H2_1", 
"Y_H_1", "Y_O2_1", "Y_O_1", "Y_OH_1", "Y_HO2_1", "Y_H2O_1", "Y_H2O2_1", "Y_N2_1"
0  300 0.0285219 0 0.226362 0 0 0 0 0 0.745116
0.05  300.595 0.0282544 0 0.226406 3.94397e-08 0 2.25517e-06 0.000111074 1.91746e-06 0.745226
0.098  299.954 0.0285789 7.76743e-11 0.226346 0 1.38685e-06 0 0 0 0.745077
0.1  299.958 0.0285761 7.56563e-11 0.226347 0 1.34626e-06 0 0 0 0.745078
0.108333  300.062 0.0285467 7.35721e-11 0.226346 0 1.29088e-06 1.57752e-06 2.09382e-05 0 0.745084
0.116667  299.809 0.0282987 8.29438e-13 0.226444 0 0 0 0 0 0.745296
0.120833  300.025 0.0278019 1.38035e-09 0.22657 1.00664e-07 1.19478e-07 3.0545e-07 2.86642e-05 5.34865e-07 0.745599
0.125  297.394 0.026905 4.40736e-08 0.226591 5.56036e-07 7.14952e-06 7.85367e-05 0.000565652 1.17844e-05 0.74584
0.127083  314.972 0.0262271 5.61591e-07 0.225683 1.97004e-06 3.56967e-05 0.000296012 0.00193523 8.17229e-05 0.745739
0.129167  362.081 0.025376 4.2801e-06 0.223633 7.26483e-06 0.000152659 0.000547322 0.004613 0.000203683 0.745463
0.13125  447.352 0.0243324 2.34453e-05 0.219898 2.75734e-05 0.000517793 0.00059738 0.00918159 0.000344592 0.745077
0.133333  554.979 0.0230794 8.23266e-05 0.214275 8.29203e-05 0.00102038 0.000510764 0.0159547 0.000409599 0.744585
0.141667  999.006 0.0160772 0.000833642 0.178747 0.00124998 0.00135236 0.000187225 0.0617213 3.28575e-05 0.739798
0.15  1342.8 0.0080371 0.00189489 0.0967013 0.00514355 0.00448173 6.90072e-05 0.142161 6.34996e-06 0.741506
0.166667  1646.04 0.00403054 0.00184616 0.0453833 0.00681422 0.00970883 2.21008e-05 0.188929 8.10143e-06 0.743258
0.183333  1793.91 0.00355904 0.00145048 0.0356358 0.00610156 0.0115471 1.409e-05 0.198145 7.30004e-06 0.74354
0.2  1883.83 0.00338849 0.00118311 0.0318881 0.00531529 0.0121327 1.1068e-05 0.20253 6.01879e-06 0.743545
0.25  2060.79 0.00312953 0.000788446 0.0250354 0.00382043 0.0125982 6.75556e-06 0.210979 3.26233e-06 0.743639
0.3  2060.79 0.00312953 0.000788446 0.0250354 0.00382043 0.0125982 6.75556e-06 0.210979 3.26233e-06 0.743639
