TITLE="Graphics"
VARIABLES= "x", "T1", "Y_H2_1", 
"Y_H_1", "Y_O2_1", "Y_O_1", "Y_OH_1", "Y_HO2_1", "Y_H2O_1", "Y_H2O2_1", "Y_N2_1"
0  300 0.0554618 0 0.220085 0 0 0 0 0 0.724453
0.025  299.999 0.0554618 2.73537e-14 0.220085 1.06589e-08 2.30913e-10 0 8.61525e-08 1.48618e-07 0.724453
0.05  300 0.0554619 2.75125e-12 0.220085 3.04006e-10 2.35876e-08 5.29047e-09 3.11251e-10 0 0.724453
0.074  299.999 0.0554618 1.42101e-11 0.220085 0 1.21313e-07 2.45645e-10 1.02866e-07 6.30767e-08 0.724453
0.098  300 0.0554619 6.94119e-11 0.220085 3.30872e-24 6.03541e-07 2.83086e-07 3.30872e-24 0 0.724453
0.099  300 0.0554619 6.87066e-11 0.220085 0 5.97362e-07 3.09199e-07 1.0602e-08 4.32812e-23 0.724453
0.1  300 0.0554619 6.77247e-11 0.220085 3.30872e-24 5.88741e-07 3.38828e-07 2.89384e-08 0 0.724453
0.104167  300 0.0554618 6.01432e-11 0.220084 0 5.20704e-07 5.76194e-07 2.12057e-07 0 0.724453
0.108333  300.001 0.0554617 4.90699e-11 0.220085 1.65436e-24 4.23086e-07 1.8313e-07 0 0 0.724453
0.1125  300.002 0.0554609 3.30864e-11 0.220083 1.87789e-24 2.8149e-07 1.69976e-06 1.36423e-06 2.64698e-23 0.724454
0.116667  300.002 0.0554558 2.16667e-11 0.220093 0 1.81995e-07 0 0 0 0.724458
0.120833  300.004 0.0554284 2.69432e-11 0.220077 4.22102e-09 1.13456e-07 1.13924e-05 1.39726e-05 7.17519e-07 0.724469
0.125  299.913 0.0552623 8.49317e-10 0.220221 0 0 0 0 0 0.724602
0.126042  302.937 0.055106 1.0852e-08 0.220244 0 1.19038e-06 0 0 0 0.724686
0.127083  307.948 0.0548892 4.83417e-08 0.220238 5.01215e-08 6.31972e-06 2.42272e-05 5.1412e-05 2.36416e-06 0.724788
0.128125  316.138 0.0545955 1.96274e-07 0.220147 5.33282e-07 1.64908e-05 0.000106666 0.000221201 1.2593e-05 0.7249
0.129167  329.193 0.054209 7.42276e-07 0.219865 1.44972e-06 3.94649e-05 0.000247155 0.000600648 3.61347e-05 0.725
0.130208  349.14 0.0537204 2.55884e-06 0.219239 3.36962e-06 9.47712e-05 0.000430241 0.00136779 8.1145e-05 0.725061
0.13125  377.694 0.0531291 7.86058e-06 0.21808 7.50792e-06 0.000217678 0.000592698 0.00274691 0.000152087 0.725067
0.132292  415.185 0.0524416 2.10963e-05 0.21619 1.53874e-05 0.000438806 0.000675647 0.00494734 0.000241652 0.725028
0.133333  459.993 0.0516701 4.88585e-05 0.213448 2.71268e-05 0.000728399 0.00068289 0.00810536 0.000320751 0.724969
0.1375  674.83 0.0478987 0.000352071 0.195698 9.14847e-05 0.00122834 0.00042229 0.0294788 0.0002137 0.724616
0.141667  868.858 0.0436148 0.000922401 0.174426 0.000414537 0.000934935 0.000248841 0.0559181 5.07292e-05 0.72347
0.145833  1038.08 0.0390283 0.00167071 0.145035 0.00116712 0.00104972 0.000155931 0.0896707 7.93382e-06 0.722214
0.15  1180.1 0.0345875 0.00246586 0.107517 0.00190838 0.00150983 9.84183e-05 0.12984 1.83082e-06 0.722071
0.158333  1373.53 0.0279887 0.0036409 0.039943 0.00187604 0.00231867 3.17568e-05 0.200626 9.64174e-07 0.723573
0.166667  1476.98 0.0256099 0.00387392 0.0127369 0.00111186 0.00258654 9.21831e-06 0.229701 7.69312e-07 0.72437
0.175  1540.25 0.0250961 0.00372004 0.00412832 0.000716731 0.00271421 2.78288e-06 0.238978 6.97803e-07 0.724643
0.183333  1585.33 0.0251468 0.00347808 0.00155522 0.000562969 0.00279194 1.00646e-06 0.241734 6.64285e-07 0.724729
0.191667  1620.59 0.0253276 0.00324189 0.000775904 0.000491849 0.00283052 4.96941e-07 0.242574 6.36738e-07 0.724757
0.2  1649.64 0.0255166 0.00303109 0.000523319 0.000446226 0.00283966 3.34776e-07 0.24288 6.07821e-07 0.724762
0.25  1750.25 0.0262584 0.00226172 0.000280185 0.000293807 0.00266343 1.70185e-07 0.243473 4.45787e-07 0.724769
0.3  1806.87 0.0266757 0.00182024 0.000191661 0.000207659 0.00240902 1.13027e-07 0.243925 3.24764e-07 0.724771
0.4  1865.43 0.0271105 0.00134769 0.000111874 0.000123688 0.00199602 6.42003e-08 0.244539 1.94786e-07 0.724771
0.6  1923.36 0.0275302 0.000888903 5.15977e-05 5.8068e-05 0.00146103 2.89947e-08 0.245238 8.87816e-08 0.724772
1  1923.36 0.0275302 0.000888903 5.15977e-05 5.8068e-05 0.00146103 2.89947e-08 0.245238 8.87816e-08 0.724772
