TITLE="Graphics"
VARIABLES= "x", "T", "Y_H2", "Y_H", "Y_O2", "Y_O", "Y_OH", "Y_HO2", "Y_H2O2", "Y_H2O", "Y_N2"
0  300 0.0285219 0 0.226362 0 0 0 0 0 0.745116
0.05  300 0.0285219 7.71053e-20 0.226362 1.82943e-15 1.38044e-15 7.50162e-14 0 3.17163e-14 0.745116
0.062  300 0.0285219 5.14205e-20 0.226362 1.67286e-15 9.11645e-16 7.04137e-14 0 2.98126e-14 0.745116
0.068  300 0.0285219 5.56246e-20 0.226362 1.75002e-15 9.93181e-16 7.27027e-14 0 3.08359e-14 0.745116
0.074  300 0.0285219 1.83824e-20 0.226362 1.44438e-15 2.94154e-16 6.8397e-14 0 2.88065e-14 0.745116
0.08  300 0.0285219 1.46688e-19 0.226362 2.54795e-15 2.71303e-15 7.79663e-14 0 3.36598e-14 0.745116
0.086  300 0.0285219 0 0.226362 0 0 5.894e-14 0 2.33087e-14 0.745116
0.092  300 0.0285218 1.66291e-18 0.226362 1.34982e-14 3.13068e-14 9.57805e-14 0 4.48621e-14 0.745116
0.098  300 0.0285218 0 0.226362 0 0 3.56538e-14 0 6.15077e-15 0.745116
0.099  300 0.0285217 0 0.226362 0 0 3.67902e-14 0 7.8842e-15 0.745116
0.1  300 0.0285215 1.816e-18 0.226362 3.20891e-15 1.37969e-14 4.33796e-14 0 1.4015e-14 0.745116
0.102083  300 0.028521 2.80652e-17 0.226362 1.40796e-13 4.29644e-13 8.58866e-14 0 5.35782e-14 0.745117
0.104167  300 0.0285202 1.4207e-16 0.226363 7.02812e-13 2.24766e-12 3.09938e-13 7.15722e-16 3.85595e-13 0.745117
0.105208  300 0.0285195 3.37145e-16 0.226363 1.63403e-12 5.47196e-12 8.70869e-13 1.21011e-14 1.72675e-12 0.745118
0.10625  300 0.0285186 7.12029e-16 0.226363 3.3763e-12 1.16763e-11 2.03554e-12 4.40197e-14 4.94982e-12 0.745118
0.107292  300.001 0.0285174 1.43441e-15 0.226364 6.63606e-12 2.36339e-11 4.43981e-12 1.33492e-13 1.27392e-11 0.745119
0.108333  300.001 0.0285157 2.82764e-15 0.226364 1.2735e-11 4.66978e-11 9.44409e-12 3.84279e-13 3.17008e-11 0.74512
0.109375  300.002 0.0285134 5.51578e-15 0.226365 2.41463e-11 9.12027e-11 2.00433e-11 1.0872e-12 7.81805e-11 0.745122
0.110417  300.003 0.0285104 1.07035e-14 0.226366 4.54965e-11 1.77097e-10 4.30413e-11 3.05728e-12 1.92804e-10 0.745124
0.111458  300.005 0.0285064 2.07168e-14 0.226367 8.54416e-11 3.42887e-10 9.44077e-11 8.57847e-12 4.76893e-10 0.745127
0.1125  300.009 0.0285009 4.00485e-14 0.226368 1.60174e-10 6.629e-10 2.12831e-10 2.40503e-11 1.18382e-09 0.745131
0.113542  300.017 0.0284936 7.73819e-14 0.22637 2.99984e-10 1.28059e-09 4.9479e-10 6.74008e-11 2.94851e-09 0.745136
0.114583  300.029 0.0284837 1.49519e-13 0.226373 5.61525e-10 2.47284e-09 1.18692e-09 1.88844e-10 7.36439e-09 0.745143
0.115625  300.05 0.0284704 2.89028e-13 0.226377 1.05074e-09 4.77396e-09 2.93263e-09 5.28971e-10 1.84348e-08 0.745152
0.116667  300.086 0.0284526 5.59146e-13 0.226382 1.96569e-09 9.21497e-09 7.43731e-09 1.48123e-09 4.62245e-08 0.745165
0.117188  300.115 0.0284413 7.89216e-13 0.226386 2.72164e-09 1.29841e-08 1.244e-08 2.59959e-09 7.58827e-08 0.745173
0.117708  300.152 0.0284283 1.10826e-12 0.22639 3.7476e-09 1.81761e-08 2.03552e-08 4.41132e-09 1.21817e-07 0.745182
0.118229  300.201 0.0284132 1.55268e-12 0.226394 5.13986e-09 2.53288e-08 3.29061e-08 7.34569e-09 1.92963e-07 0.745193
0.11875  300.265 0.0283957 2.1755e-12 0.226399 7.02905e-09 3.51841e-08 5.28471e-08 1.20972e-08 3.03152e-07 0.745205
0.119271  300.349 0.0283755 3.05636e-12 0.226405 9.59225e-09 4.87647e-08 8.45855e-08 1.97887e-08 4.73801e-07 0.745219
0.119792  300.459 0.0283521 4.32026e-12 0.226411 1.30694e-08 6.74817e-08 1.35177e-07 3.22346e-08 7.38041e-07 0.745236
0.120052  300.531 0.0283385 5.24783e-12 0.226415 1.54276e-08 8.03823e-08 1.7555e-07 4.22995e-08 9.42576e-07 0.745245
0.120312  300.603 0.028325 6.17541e-12 0.226419 1.77858e-08 9.32829e-08 2.15922e-07 5.23645e-08 1.14711e-06 0.745254
0.120573  300.698 0.0283093 7.58514e-12 0.226423 2.09839e-08 1.11072e-07 2.8042e-07 6.86337e-08 1.46364e-06 0.745265
0.120833  300.792 0.0282936 8.99487e-12 0.226428 2.41819e-08 1.28861e-07 3.44917e-07 8.4903e-08 1.78017e-06 0.745276
0.121094  300.916 0.0282754 1.12484e-11 0.226433 2.85183e-08 1.53403e-07 4.4803e-07 1.11182e-07 2.2698e-06 0.745289
0.121354  301.04 0.0282572 1.3502e-11 0.226438 3.28546e-08 1.77945e-07 5.51143e-07 1.37462e-07 2.75943e-06 0.745301
0.121615  301.203 0.0282362 1.73543e-11 0.226443 3.87333e-08 2.1183e-07 7.16047e-07 1.7987e-07 3.51632e-06 0.745316
0.121875  301.365 0.0282152 2.12065e-11 0.226449 4.46121e-08 2.45714e-07 8.8095e-07 2.22278e-07 4.27322e-06 0.74533
0.122135  301.578 0.0281909 2.83302e-11 0.226455 5.25809e-08 2.92552e-07 1.14466e-06 2.9063e-07 5.44224e-06 0.745347
0.122396  301.791 0.0281666 3.54539e-11 0.226461 6.05497e-08 3.39389e-07 1.40838e-06 3.58983e-07 6.61125e-06 0.745363
0.122656  302.07 0.0281385 4.97173e-11 0.226468 7.13518e-08 4.04251e-07 1.82988e-06 4.68982e-07 8.41472e-06 0.745382
0.122917  302.349 0.0281105 6.39807e-11 0.226475 8.2154e-08 4.69113e-07 2.25139e-06 5.78981e-07 1.02182e-05 0.745401
0.123177  302.714 0.0280781 9.45709e-11 0.226482 9.68012e-08 5.5919e-07 2.92431e-06 7.55642e-07 1.29962e-05 0.745423
0.123437  303.079 0.0280457 1.25161e-10 0.226489 1.11448e-07 6.49267e-07 3.59723e-06 9.32304e-07 1.57742e-05 0.745444
0.123698  303.557 0.0280083 1.94201e-10 0.226497 1.31324e-07 7.74904e-07 4.66929e-06 1.21527e-06 2.00448e-05 0.745468
0.123958  304.035 0.0279709 2.63241e-10 0.226504 1.512e-07 9.0054e-07 5.74136e-06 1.49825e-06 2.43154e-05 0.745492
0.124219  304.66 0.0279279 4.24213e-10 0.226511 1.78214e-07 1.07692e-06 7.44366e-06 1.94991e-06 3.08636e-05 0.745519
0.124479  305.286 0.0278849 5.85185e-10 0.226518 2.05228e-07 1.2533e-06 9.14596e-06 2.40157e-06 3.74117e-05 0.745546
0.12474  306.103 0.0278354 9.66897e-10 0.226524 2.42053e-07 1.50331e-06 1.18352e-05 3.1191e-06 4.7418e-05 0.745576
0.125  306.919 0.0277859 1.34861e-09 0.22653 2.78878e-07 1.75332e-06 1.45245e-05 3.83664e-06 5.74244e-05 0.745606
0.12513  307.421 0.0277584 1.7378e-09 0.226532 3.02416e-07 1.91943e-06 1.64433e-05 4.35153e-06 6.43908e-05 0.745622
0.12526  307.923 0.0277309 2.12699e-09 0.226534 3.25955e-07 2.08555e-06 1.83621e-05 4.86641e-06 7.13572e-05 0.745638
0.125391  308.496 0.0277015 2.72537e-09 0.226535 3.53533e-07 2.28532e-06 2.07512e-05 5.51022e-06 7.99198e-05 0.745654
0.125521  309.068 0.0276721 3.32375e-09 0.226536 3.81111e-07 2.4851e-06 2.31404e-05 6.15403e-06 8.84824e-05 0.745671
0.125651  309.721 0.0276406 4.24865e-09 0.226536 4.135e-07 2.72665e-06 2.61052e-05 6.95722e-06 9.89915e-05 0.745688
0.125781  310.374 0.0276091 5.17356e-09 0.226536 4.45888e-07 2.96821e-06 2.907e-05 7.7604e-06 0.000109501 0.745705
0.125911  311.117 0.0275755 6.60335e-09 0.226534 4.84036e-07 3.26206e-06 3.27347e-05 8.75978e-06 0.000122377 0.745723
0.126042  311.861 0.0275419 8.03313e-09 0.226532 5.22184e-07 3.55591e-06 3.63994e-05 9.75917e-06 0.000135254 0.74574
0.126172  312.708 0.027506 1.02377e-08 0.226528 5.67274e-07 3.91581e-06 4.09077e-05 1.09989e-05 0.000151003 0.745758
0.126302  313.555 0.02747 1.24423e-08 0.226524 6.12363e-07 4.27571e-06 4.54159e-05 1.22386e-05 0.000166751 0.745776
0.126432  314.518 0.0274317 1.58271e-08 0.226518 6.65877e-07 4.71979e-06 5.09306e-05 1.37711e-05 0.00018597 0.745794
0.126562  315.481 0.0273934 1.92119e-08 0.226511 7.19391e-07 5.16388e-06 5.64453e-05 1.53036e-05 0.000205189 0.745812
0.126693  316.576 0.0273526 2.43809e-08 0.226501 7.83208e-07 5.71614e-06 6.31455e-05 1.71904e-05 0.000228587 0.745831
0.126823  317.67 0.0273118 2.95499e-08 0.226491 8.47026e-07 6.26841e-06 6.98457e-05 1.90771e-05 0.000251986 0.745849
0.126953  318.912 0.0272683 3.73931e-08 0.226477 9.23541e-07 6.96074e-06 7.79213e-05 2.13892e-05 0.000280395 0.745867
0.127083  320.153 0.0272249 4.52364e-08 0.226463 1.00006e-06 7.65308e-06 8.59968e-05 2.37014e-05 0.000308805 0.745885
0.127214  321.56 0.0271787 5.70521e-08 0.226444 1.09234e-06 8.52792e-06 9.56389e-05 2.652e-05 0.000343196 0.745902
0.127344  322.967 0.0271326 6.88678e-08 0.226425 1.18463e-06 9.40276e-06 0.000105281 2.93386e-05 0.000377586 0.74592
0.127474  324.558 0.0270836 8.65236e-08 0.226399 1.29662e-06 1.05163e-05 0.000116666 3.27541e-05 0.000419073 0.745937
0.127604  326.149 0.0270346 1.04179e-07 0.226374 1.40862e-06 1.16298e-05 0.000128051 3.61696e-05 0.00046056 0.745953
0.127734  327.945 0.0269827 1.30327e-07 0.226341 1.54539e-06 1.30561e-05 0.000141323 4.02804e-05 0.000510415 0.745969
0.127865  329.74 0.0269308 1.56476e-07 0.226308 1.68216e-06 1.44824e-05 0.000154594 4.43913e-05 0.000560271 0.745985
0.127995  331.762 0.0268759 1.94827e-07 0.226267 1.8502e-06 1.63182e-05 0.000169835 4.93022e-05 0.000619926 0.746
0.128125  333.783 0.026821 2.33178e-07 0.226226 2.01825e-06 1.8154e-05 0.000185076 5.4213e-05 0.000679582 0.746014
0.128255  336.052 0.0267631 2.88843e-07 0.226174 2.22581e-06 2.0524e-05 0.000202283 6.00309e-05 0.000750625 0.746027
0.128385  338.322 0.0267052 3.44508e-07 0.226122 2.43338e-06 2.2894e-05 0.00021949 6.58489e-05 0.000821668 0.74604
0.128516  340.861 0.0266442 4.24404e-07 0.226059 2.69088e-06 2.59559e-05 0.000238542 7.26787e-05 0.000905827 0.746051
0.128646  343.401 0.0265832 5.043e-07 0.225996 2.94837e-06 2.90178e-05 0.000257594 7.95086e-05 0.000989987 0.746061
0.128776  346.232 0.0265191 6.17622e-07 0.225919 3.26868e-06 3.29669e-05 0.00027823 8.74468e-05 0.00108911 0.74607
0.128906  349.063 0.026455 7.30943e-07 0.225843 3.589e-06 3.6916e-05 0.000298865 9.5385e-05 0.00118823 0.746078
0.129036  352.207 0.0263878 8.89676e-07 0.225752 3.98779e-06 4.19874e-05 0.000320667 0.000104512 0.00130424 0.746084
0.129167  355.351 0.0263206 1.04841e-06 0.225661 4.38659e-06 4.70588e-05 0.00034247 0.000113638 0.00142025 0.74609
0.129297  358.826 0.0262503 1.26784e-06 0.225553 4.8824e-06 5.35258e-05 0.000364874 0.000124008 0.00155509 0.746093
0.129427  362.3 0.02618 1.48727e-06 0.225446 5.3782e-06 5.99928e-05 0.000387278 0.000134378 0.00168994 0.746096
0.129557  366.121 0.0261067 1.78652e-06 0.225321 5.9923e-06 6.81612e-05 0.000409599 0.00014601 0.00184555 0.746096
0.129688  369.942 0.0260334 2.08577e-06 0.225195 6.60639e-06 7.63297e-05 0.000431919 0.000157642 0.00200117 0.746096
0.129818  374.12 0.025957 2.48813e-06 0.225051 7.3622e-06 8.6524e-05 0.000453397 0.00017051 0.00217939 0.746092
0.129948  378.298 0.0258807 2.89049e-06 0.224907 8.11801e-06 9.67183e-05 0.000474876 0.000183377 0.00235762 0.746089
0.130078  382.84 0.0258015 3.42371e-06 0.224742 9.04009e-06 0.000109261 0.000494752 0.000197393 0.00256014 0.746082
0.130208  387.382 0.0257223 3.95693e-06 0.224577 9.96218e-06 0.000121804 0.000514628 0.00021141 0.00276266 0.746076
0.130339  392.288 0.0256403 4.65315e-06 0.224391 1.10747e-05 0.000136988 0.000532213 0.000226424 0.00299097 0.746066
0.130469  397.194 0.0255583 5.34937e-06 0.224205 1.21873e-05 0.000152172 0.000549798 0.000241438 0.00321927 0.746057
0.130599  402.46 0.0254736 6.24485e-06 0.223996 1.35122e-05 0.00017023 0.000564547 0.000257224 0.00347461 0.746044
0.130729  407.726 0.0253888 7.14032e-06 0.223787 1.48372e-05 0.000188288 0.000579297 0.00027301 0.00372994 0.746031
0.130859  413.34 0.0253015 8.27478e-06 0.223555 1.63922e-05 0.000209356 0.000590859 0.000289274 0.00401329 0.746016
0.13099  418.954 0.0252142 9.40923e-06 0.223323 1.79472e-05 0.000230425 0.00060242 0.000305537 0.00429664 0.746001
0.13112  424.901 0.0251244 1.08249e-05 0.223067 1.97438e-05 0.000254518 0.000610657 0.00032192 0.00460873 0.745983
0.13125  430.847 0.0250346 1.22406e-05 0.22281 2.15403e-05 0.000278611 0.000618894 0.000338303 0.00492083 0.745965
0.13138  437.105 0.0249424 1.3981e-05 0.22253 2.35825e-05 0.000305599 0.000623873 0.000354402 0.00526215 0.745945
0.13151  443.362 0.0248502 1.57214e-05 0.222249 2.56247e-05 0.000332587 0.000628852 0.0003705 0.00560347 0.745924
0.131641  449.906 0.0247557 1.78299e-05 0.221943 2.79086e-05 0.000362186 0.000630811 0.000385891 0.00597427 0.745902
0.131771  456.449 0.0246613 1.99384e-05 0.221638 3.01924e-05 0.000391785 0.000632769 0.000401281 0.00634508 0.74588
0.131901  463.251 0.0245646 2.24569e-05 0.221308 3.27067e-05 0.000423565 0.000632063 0.000415544 0.00674541 0.745856
0.132031  470.053 0.024468 2.49754e-05 0.220978 3.52211e-05 0.000455346 0.000631357 0.000429807 0.00714574 0.745831
0.132161  477.085 0.0243693 2.79426e-05 0.220624 3.79489e-05 0.00048875 0.000628407 0.000442556 0.00757546 0.745806
0.132292  484.116 0.0242706 3.09099e-05 0.22027 4.06768e-05 0.000522154 0.000625458 0.000455306 0.00800519 0.74578
0.132422  491.347 0.02417 3.43604e-05 0.219892 4.35984e-05 0.000556528 0.000620702 0.000466213 0.008464 0.745753
0.132552  498.579 0.0240693 3.7811e-05 0.219514 4.65201e-05 0.000590901 0.000615946 0.000477121 0.0089228 0.745725
0.132682  505.98 0.0239668 4.17742e-05 0.219114 4.9616e-05 0.000625526 0.000609801 0.000485932 0.00941022 0.745697
0.132812  513.381 0.0238643 4.57374e-05 0.218713 5.2712e-05 0.000660152 0.000603657 0.000494743 0.00989764 0.745668
0.132943  520.923 0.02376 5.02365e-05 0.218291 5.5967e-05 0.00069429 0.000596497 0.000501288 0.010413 0.745638
0.133073  528.466 0.0236556 5.47357e-05 0.217869 5.92221e-05 0.000728429 0.000589337 0.000507833 0.0109285 0.745608
0.133203  536.122 0.0235496 5.9788e-05 0.217426 6.2629e-05 0.000761352 0.000581482 0.000512029 0.0114711 0.745576
0.133333  543.778 0.0234436 6.48402e-05 0.216983 6.60359e-05 0.000794276 0.000573627 0.000516224 0.0120137 0.745545
0.133854  575.248 0.0230041 9.04893e-05 0.215025 8.11709e-05 0.000907495 0.000538077 0.00051025 0.0144368 0.745406
0.134375  606.718 0.0225645 0.000116138 0.213068 9.63059e-05 0.00102071 0.000502527 0.000504276 0.0168598 0.745268
0.134896  638.335 0.0221048 0.000150468 0.210876 0.000116117 0.00108565 0.000468631 0.000470509 0.0196247 0.745103
0.135417  669.952 0.0216451 0.000184797 0.208684 0.000135929 0.00115058 0.000434735 0.000436742 0.0223896 0.744938
0.135937  700.949 0.0211702 0.000226626 0.206303 0.000166298 0.00117285 0.000404747 0.000390212 0.0254211 0.744745
0.136458  731.945 0.0206952 0.000268455 0.203922 0.000196667 0.00119512 0.000374758 0.000343682 0.0284527 0.744552
0.136979  761.939 0.0202085 0.000316447 0.201356 0.000245401 0.00119355 0.000349092 0.000296732 0.0317029 0.744331
0.1375  791.932 0.0197218 0.000364439 0.198791 0.000294136 0.00119198 0.000323426 0.000249781 0.0349531 0.744111
0.138021  820.792 0.0192256 0.000417455 0.196013 0.000368627 0.00118632 0.000301798 0.000209697 0.0384077 0.74387
0.138542  849.651 0.0187295 0.000470471 0.193235 0.000443118 0.00118066 0.00028017 0.000169613 0.0418624 0.743629
0.139063  877.378 0.0182255 0.000527599 0.190202 0.000548519 0.00118596 0.000262032 0.000139163 0.0455308 0.743379
0.139583  905.104 0.0177215 0.000584726 0.187168 0.00065392 0.00119125 0.000243894 0.000108712 0.0491993 0.743128
0.140104  931.749 0.0172114 0.000645145 0.183837 0.000792245 0.00121721 0.000228649 8.76369e-05 0.0530974 0.742883
0.140625  958.393 0.0167013 0.000705564 0.180506 0.00093057 0.00124316 0.000213404 6.65618e-05 0.0569955 0.742638
0.141146  984.005 0.0161875 0.000768405 0.176852 0.0011006 0.00129523 0.000200505 5.30949e-05 0.0611301 0.742413
0.141667  1009.62 0.0156736 0.000831246 0.173197 0.00127063 0.0013473 0.000187607 3.96279e-05 0.0652647 0.742188
0.142188  1034.22 0.0151596 0.000895497 0.169219 0.00146835 0.00142786 0.000176591 3.16152e-05 0.0696233 0.741998
0.142708  1058.82 0.0146456 0.000959749 0.165242 0.00166607 0.00150843 0.000165575 2.36024e-05 0.0739819 0.741807
0.143229  1082.41 0.0141359 0.00102424 0.160971 0.00188537 0.00161755 0.000156067 1.91399e-05 0.0785281 0.741663
0.14375  1106 0.0136262 0.00108873 0.1567 0.00210467 0.00172668 0.000146558 1.46774e-05 0.0830742 0.741518
0.144271  1128.56 0.0131263 0.00115217 0.152195 0.00233815 0.00186261 0.000138265 1.23495e-05 0.087749 0.741426
0.144792  1151.12 0.0126264 0.00121561 0.14769 0.00257163 0.00199854 0.000129972 1.00216e-05 0.0924237 0.741334
0.145313  1172.62 0.0121422 0.00127666 0.143033 0.00281137 0.00215809 0.000122677 8.89443e-06 0.0971506 0.741297
0.145833  1194.12 0.011658 0.00133771 0.138376 0.00305111 0.00231765 0.000115383 7.76729e-06 0.101878 0.741259
0.146354  1214.53 0.0111954 0.0013951 0.133663 0.00328941 0.00249663 0.000108931 7.27914e-06 0.106571 0.741273
0.146875  1234.93 0.0107328 0.00145249 0.12895 0.0035277 0.00267561 0.000102479 6.791e-06 0.111265 0.741287
0.147396  1254.22 0.0102971 0.00150512 0.124281 0.00375763 0.00286924 9.67605e-05 6.62734e-06 0.115839 0.741347
0.147917  1273.5 0.00986143 0.00155775 0.119613 0.00398757 0.00306286 9.10416e-05 6.46368e-06 0.120414 0.741406
0.148438  1291.64 0.00945702 0.00160475 0.115083 0.00420345 0.00326616 8.59761e-05 6.45774e-06 0.124792 0.741501
0.148958  1309.79 0.00905262 0.00165174 0.110554 0.00441934 0.00346945 8.09107e-05 6.4518e-06 0.129169 0.741597
0.149479  1326.8 0.00868261 0.00169253 0.106245 0.00461692 0.00367754 7.64376e-05 6.51795e-06 0.133285 0.741718
0.15  1343.82 0.0083126 0.00173332 0.101936 0.00481449 0.00388564 7.19645e-05 6.58411e-06 0.1374 0.741839
0.151042  1374.57 0.00767988 0.00179567 0.0941561 0.00514697 0.00430265 6.45768e-05 6.79867e-06 0.14472 0.742128
0.152083  1405.33 0.00704715 0.00185802 0.0863762 0.00547945 0.00471966 5.7189e-05 7.01323e-06 0.152039 0.742416
0.153125  1432.01 0.00655726 0.00189523 0.0799782 0.0057234 0.00511439 5.16061e-05 7.22668e-06 0.157967 0.742706
0.154167  1458.69 0.00606737 0.00193244 0.0735802 0.00596734 0.00550912 4.60231e-05 7.44014e-06 0.163894 0.742996
0.155208  1481.82 0.00570361 0.00194826 0.0685501 0.00613201 0.00586751 4.18829e-05 7.62008e-06 0.168497 0.743252
0.15625  1504.95 0.00533986 0.00196407 0.0635199 0.00629669 0.00622589 3.77427e-05 7.80003e-06 0.1731 0.743508
0.157292  1525.08 0.0050786 0.0019634 0.0596868 0.00639695 0.00654185 3.4707e-05 7.93706e-06 0.176573 0.743717
0.158333  1545.21 0.00481733 0.00196272 0.0558537 0.00649722 0.0068578 3.16713e-05 8.0741e-06 0.180047 0.743925
0.159375  1562.86 0.00463431 0.00195037 0.0529881 0.00654825 0.00713075 2.94507e-05 8.16721e-06 0.182625 0.744085
0.160417  1580.52 0.00445128 0.00193802 0.0501224 0.00659929 0.0074037 2.72301e-05 8.26031e-06 0.185204 0.744246
0.161458  1596.14 0.00432522 0.00191806 0.0479978 0.00661415 0.00763642 2.55951e-05 8.31247e-06 0.18711 0.744365
0.1625  1611.76 0.00419917 0.00189811 0.0458732 0.00662901 0.00786914 2.39601e-05 8.36463e-06 0.189015 0.744484
0.163542  1625.71 0.00411313 0.00187367 0.0442959 0.00661806 0.00806609 2.27391e-05 8.38093e-06 0.190432 0.74457
0.164583  1639.67 0.00402709 0.00184923 0.0427186 0.0066071 0.00826304 2.1518e-05 8.39723e-06 0.191848 0.744657
0.165625  1652.24 0.00396839 0.00182255 0.0415361 0.00657821 0.00842926 2.05875e-05 8.38364e-06 0.192918 0.744718
0.166667  1664.82 0.0039097 0.00179586 0.0403536 0.00654931 0.00859549 1.96569e-05 8.37004e-06 0.193988 0.74478
0.167708  1676.25 0.00386927 0.00176843 0.0394515 0.00650833 0.00873589 1.89304e-05 8.33258e-06 0.194816 0.744823
0.16875  1687.69 0.00382884 0.00174099 0.0385494 0.00646735 0.0088763 1.82039e-05 8.29511e-06 0.195644 0.744867
0.169792  1698.15 0.00380039 0.00171377 0.0378452 0.00641855 0.0089953 1.7622e-05 8.23929e-06 0.196303 0.744897
0.170833  1708.62 0.00377195 0.00168655 0.037141 0.00636976 0.00911429 1.704e-05 8.18346e-06 0.196963 0.744928
0.171875  1718.26 0.00375124 0.00166012 0.0365762 0.00631625 0.00921564 1.65617e-05 8.11405e-06 0.197506 0.74495
0.172917  1727.9 0.00373053 0.00163368 0.0360113 0.00626273 0.00931699 1.60835e-05 8.04464e-06 0.198049 0.744971
0.173958  1736.83 0.00371475 0.00160836 0.0355452 0.00620668 0.00940379 1.56812e-05 7.96558e-06 0.198511 0.744987
0.175  1745.75 0.00369896 0.00158303 0.0350791 0.00615062 0.00949059 1.52788e-05 7.88651e-06 0.198973 0.745002
0.176042  1754.06 0.00368625 0.00155895 0.0346836 0.00609355 0.00956537 1.49331e-05 7.80094e-06 0.199377 0.745013
0.177083  1762.37 0.00367354 0.00153488 0.0342881 0.00603648 0.00964015 1.45875e-05 7.71537e-06 0.199781 0.745024
0.178125  1770.13 0.00366273 0.0015121 0.0339439 0.00597942 0.00970492 1.42852e-05 7.62575e-06 0.200143 0.745032
0.179167  1777.89 0.00365191 0.00148932 0.0335998 0.00592237 0.00976969 1.39829e-05 7.53613e-06 0.200506 0.74504
0.180208  1785.17 0.00364224 0.00146782 0.0332936 0.00586602 0.00982606 1.37146e-05 7.44434e-06 0.200838 0.745046
0.18125  1792.44 0.00363256 0.00144633 0.0329875 0.00580967 0.00988242 1.34464e-05 7.35256e-06 0.201169 0.745051
0.182292  1799.29 0.00362356 0.00142606 0.0327103 0.00575447 0.00993167 1.32054e-05 7.26003e-06 0.201478 0.745056
0.183333  1806.13 0.00361455 0.00140579 0.0324331 0.00569926 0.00998092 1.29644e-05 7.1675e-06 0.201786 0.74506
0.184375  1812.59 0.00360592 0.00138667 0.0321784 0.00564548 0.0100241 1.27458e-05 7.07528e-06 0.202076 0.745064
0.185417  1819.04 0.00359729 0.00136756 0.0319237 0.00559169 0.0100672 1.25272e-05 6.98306e-06 0.202366 0.745067
0.186458  1825.14 0.00358887 0.00134952 0.0316871 0.00553947 0.0101052 1.23273e-05 6.89193e-06 0.202641 0.74507
0.1875  1831.25 0.00358044 0.00133149 0.0314505 0.00548724 0.0101431 1.21274e-05 6.8008e-06 0.202916 0.745073
0.188542  1837.03 0.00357212 0.00131445 0.0312288 0.00543666 0.0101764 1.19434e-05 6.71131e-06 0.203178 0.745075
0.189583  1842.81 0.0035638 0.00129742 0.0310071 0.00538607 0.0102097 1.17594e-05 6.62182e-06 0.20344 0.745077
0.190625  1848.31 0.00355553 0.0012813 0.030798 0.00533714 0.010239 1.15892e-05 6.53437e-06 0.203692 0.745079
0.191667  1853.8 0.00354725 0.00126519 0.0305888 0.00528821 0.0102684 1.1419e-05 6.44692e-06 0.203943 0.745081
0.192708  1859.03 0.003539 0.00124992 0.0303905 0.00524091 0.0102941 1.12607e-05 6.36176e-06 0.204186 0.745082
0.19375  1864.25 0.00353075 0.00123466 0.0301921 0.00519362 0.0103199 1.11025e-05 6.2766e-06 0.204428 0.745084
0.194792  1869.24 0.00352251 0.00122018 0.0300033 0.00514792 0.0103425 1.09548e-05 6.1939e-06 0.204661 0.745085
0.195833  1874.22 0.00351427 0.0012057 0.0298145 0.00510221 0.0103651 1.08071e-05 6.11121e-06 0.204895 0.745087
0.196875  1878.98 0.00350605 0.00119194 0.0296342 0.00505806 0.0103849 1.06689e-05 6.03108e-06 0.20512 0.745088
0.197917  1883.73 0.00349783 0.00117818 0.0294539 0.00501391 0.0104047 1.05306e-05 5.95095e-06 0.205346 0.745089
0.198958  1888.29 0.00348963 0.00116509 0.0292812 0.00497126 0.010422 1.04007e-05 5.87348e-06 0.205565 0.74509
0.2  1892.84 0.00348144 0.00115199 0.0291086 0.00492861 0.0104393 1.02709e-05 5.79602e-06 0.205783 0.745091
0.20625  1916.2 0.00343325 0.00108598 0.0282146 0.00470408 0.0105016 9.63867e-06 5.39065e-06 0.20695 0.745095
0.2125  1939.57 0.00338506 0.00101996 0.0273206 0.00447955 0.0105638 9.00648e-06 4.98529e-06 0.208117 0.7451
0.21875  1958.38 0.00333917 0.000968458 0.0265901 0.00429391 0.0105801 8.53669e-06 4.6602e-06 0.209112 0.745103
0.225  1977.2 0.00329328 0.000916954 0.0258597 0.00410827 0.0105964 8.06689e-06 4.33512e-06 0.210107 0.745106
0.23125  1992.79 0.00325018 0.000875503 0.0252462 0.00395232 0.010585 7.70288e-06 4.07395e-06 0.210971 0.745108
0.2375  2008.37 0.00320709 0.000834053 0.0246327 0.00379637 0.0105736 7.33887e-06 3.81279e-06 0.211836 0.74511
0.24375  2021.55 0.00316684 0.000799853 0.0241066 0.00366331 0.0105447 7.04803e-06 3.60098e-06 0.212597 0.745111
0.25  2034.73 0.00312659 0.000765654 0.0235804 0.00353025 0.0105158 6.75718e-06 3.38916e-06 0.213359 0.745112
0.2625  2055.75 0.00305491 0.000713035 0.0227291 0.00331815 0.0104319 6.32576e-06 3.07448e-06 0.21463 0.745114
0.275  2076.77 0.00298323 0.000660417 0.0218777 0.00310604 0.010348 5.89433e-06 2.75979e-06 0.215901 0.745115
0.2875  2093.19 0.00292051 0.000620914 0.0211978 0.0029407 0.0102463 5.58366e-06 2.53616e-06 0.216949 0.745117
0.3  2109.62 0.00285778 0.000581412 0.0205178 0.00277535 0.0101445 5.27299e-06 2.31254e-06 0.217997 0.745119
0.3375  2140.25 0.00271292 0.000509369 0.019221 0.00246446 0.00984491 4.75309e-06 1.94882e-06 0.220124 0.745116
0.375  2170.88 0.00256806 0.000437326 0.0179242 0.00215358 0.00954529 4.23319e-06 1.5851e-06 0.222252 0.745114
0.4875  2239.33 0.00225314 0.000308083 0.0148728 0.00154716 0.00867798 3.28114e-06 9.79833e-07 0.227216 0.745121
0.65625  2239.33 0.00225314 0.000308083 0.0148728 0.00154716 0.00867798 3.28114e-06 9.79833e-07 0.227216 0.745121
0.909375  2239.33 0.00225314 0.000308083 0.0148728 0.00154716 0.00867798 3.28114e-06 9.79833e-07 0.227216 0.745121
