M = 0.209468
rho = 0.00084951
v = 246.575
