M = 0.207094
rho = 0.000674256
v = 307.145
