M = 0.207551
rho = 0.000674256
v = 307.822
