M = 0.209353
rho = 0.00084951
v = 246.44
