M = 0.0445757
rho = 0.00122632
v = 36.3491
T = 2266.56
