M = 0.0450356
rho = 0.00122632
v = 36.7241
T = 2267.62
