M = 0.0478441
rho = 0.00122632
v = 39.0142
T = 2279.55
