M = 0.047926
rho = 0.00122632
v = 39.0812
T = 2280.04
