M = 0.0446589
rho = 0.00122632
v = 36.4169
T = 2267.74
