TITLE="Graphics"
VARIABLES= "x", "T1", "Y_H2_1", 
"Y_H_1", "Y_O2_1", "Y_O_1", "Y_OH_1", "Y_HO2_1", "Y_H2O_1", "Y_H2O2_1", "Y_N2_1"
0  300 0.0554618 0 0.220085 0 0 0 0 0 0.724453
0.05  299.93 0.0554455 0 0.220091 9.39508e-08 2.57435e-24 2.27729e-07 3.85635e-07 6.84013e-08 0.724462
0.098  300.001 0.0554645 1.19357e-10 0.220084 0 1.02712e-06 0 0 0 0.724451
0.1  300.001 0.0554644 1.32912e-10 0.220084 0 1.15082e-06 0 0 0 0.724451
0.108333  299.989 0.0554621 1.89103e-10 0.220085 0 1.67984e-06 2.32907e-07 2.93751e-24 0 0.724453
0.116667  300.021 0.0554741 2.88051e-10 0.220079 0 2.66061e-06 9.95104e-07 1.31565e-07 0 0.724445
0.120833  299.992 0.0554514 3.3202e-10 0.220087 0 3.12277e-06 1.36017e-06 2.91717e-07 0 0.72446
0.122917  300.483 0.0553943 4.0256e-10 0.220108 0 3.38756e-06 1.5928e-06 4.76619e-07 0 0.724496
0.125  302.047 0.0552722 9.33266e-10 0.220152 0 3.9146e-06 2.11537e-06 1.92108e-06 0 0.724572
0.125521  302.967 0.0552204 1.93631e-09 0.220165 0 4.32294e-06 4.877e-06 7.29532e-06 0 0.724602
0.126042  304.16 0.0551586 3.85415e-09 0.220178 0 4.90134e-06 9.29554e-06 1.58268e-05 0 0.724636
0.126562  305.704 0.055085 7.78965e-09 0.220189 1.61724e-23 5.74343e-06 1.63003e-05 2.93227e-05 0 0.724676
0.127083  307.7 0.0549975 1.59873e-08 0.220197 0 6.99767e-06 2.72594e-05 5.05735e-05 0 0.724722
0.127344  308.914 0.0549478 2.34055e-08 0.220197 3.66938e-09 7.86981e-06 3.49503e-05 6.57211e-05 4.47962e-07 0.724746
0.127604  310.292 0.0548936 3.4033e-08 0.220195 3.16134e-08 8.94771e-06 4.43995e-05 8.45866e-05 1.63883e-06 0.724772
0.127865  311.852 0.0548349 4.92759e-08 0.220189 7.94871e-08 1.02862e-05 5.59269e-05 0.000108034 3.13927e-06 0.724799
0.128125  313.618 0.0547711 7.11029e-08 0.220178 1.81981e-07 1.1956e-05 6.98787e-05 0.000137109 5.01989e-06 0.724827
0.128255  314.588 0.0547373 8.55203e-08 0.22017 2.39701e-07 1.29496e-05 7.7901e-05 0.000154235 6.13429e-06 0.724841
0.128385  315.618 0.0547021 1.02712e-07 0.220161 3.02129e-07 1.40625e-05 8.66637e-05 0.000173261 7.37615e-06 0.724855
0.128516  316.712 0.0546654 1.23196e-07 0.220149 3.69718e-07 1.53103e-05 9.62095e-05 0.000194381 8.75787e-06 0.72487
0.128646  317.875 0.0546274 1.47579e-07 0.220136 4.42975e-07 1.67106e-05 0.000106579 0.000217808 1.02927e-05 0.724884
0.128776  319.109 0.0545878 1.76572e-07 0.22012 5.22479e-07 1.82835e-05 0.00011781 0.000243771 1.19947e-05 0.724899
0.128906  320.418 0.0545467 2.11001e-07 0.220102 6.08882e-07 2.00514e-05 0.000129936 0.000272518 1.38787e-05 0.724914
0.129036  321.807 0.054504 2.51828e-07 0.220081 7.0292e-07 2.20399e-05 0.000142985 0.000304316 1.59603e-05 0.724929
0.129167  323.279 0.0544598 3.00171e-07 0.220057 8.05429e-07 2.42776e-05 0.000156977 0.000339452 1.82557e-05 0.724943
0.129297  324.838 0.0544139 3.57317e-07 0.220029 9.17346e-07 2.67967e-05 0.000171923 0.000378234 2.07819e-05 0.724958
0.129427  326.489 0.0543663 4.24759e-07 0.219998 1.03974e-06 2.96332e-05 0.000187827 0.000420991 2.35562e-05 0.724972
0.129557  328.236 0.054317 5.04213e-07 0.219962 1.17381e-06 3.28274e-05 0.000204681 0.000468074 2.65966e-05 0.724986
0.129688  330.084 0.054266 5.97646e-07 0.219923 1.32091e-06 3.64239e-05 0.000222461 0.000519854 2.9921e-05 0.725
0.129818  332.036 0.0542132 7.07308e-07 0.219879 1.48254e-06 4.04721e-05 0.000241134 0.000576723 3.35479e-05 0.725014
0.129948  334.098 0.0541586 8.35762e-07 0.219829 1.6604e-06 4.50262e-05 0.000260649 0.000639092 3.74955e-05 0.725027
0.130078  336.272 0.0541021 9.85921e-07 0.219775 1.85635e-06 5.01456e-05 0.000280939 0.000707393 4.17817e-05 0.72504
0.130208  338.565 0.0540439 1.16108e-06 0.219714 2.07248e-06 5.58948e-05 0.000301921 0.000782074 4.64243e-05 0.725052
0.130339  340.98 0.0539837 1.36495e-06 0.219648 2.31108e-06 6.23435e-05 0.000323498 0.000863599 5.14401e-05 0.725064
0.130469  343.52 0.0539217 1.60172e-06 0.219575 2.57466e-06 6.9566e-05 0.000345555 0.000952446 5.68454e-05 0.725075
0.130599  346.191 0.0538578 1.87603e-06 0.219495 2.86594e-06 7.76414e-05 0.000367962 0.00104911 6.2655e-05 0.725085
0.130729  348.995 0.053792 2.1931e-06 0.219408 3.18786e-06 8.66526e-05 0.000390579 0.00115408 6.88826e-05 0.725094
0.130859  351.937 0.0537243 2.55869e-06 0.219313 3.54361e-06 9.66858e-05 0.000413249 0.00126786 7.55398e-05 0.725103
0.13099  355.018 0.0536546 2.97915e-06 0.21921 3.93652e-06 0.00010783 0.000435813 0.00139097 8.26362e-05 0.725111
0.13112  358.243 0.0535831 3.46148e-06 0.219098 4.37015e-06 0.000120173 0.000458103 0.00152391 9.01789e-05 0.725119
0.13125  361.613 0.0535096 4.01333e-06 0.218977 4.84817e-06 0.000133806 0.000479948 0.00166718 9.8172e-05 0.725125
0.13138  365.13 0.0534343 4.64299e-06 0.218847 5.37438e-06 0.000148815 0.000501182 0.00182127 0.000106616 0.72513
0.13151  368.797 0.0533571 5.35946e-06 0.218707 5.95261e-06 0.000165283 0.000521641 0.00198668 0.000115509 0.725135
0.131641  372.614 0.053278 6.17242e-06 0.218557 6.58674e-06 0.000183287 0.000541171 0.00216388 0.000124841 0.725139
0.131771  376.582 0.053197 7.09222e-06 0.218397 7.28053e-06 0.000202897 0.000559633 0.00235331 0.000134602 0.725141
0.131901  380.7 0.0531142 8.12987e-06 0.218225 8.03764e-06 0.000224169 0.000576901 0.00255543 0.000144774 0.725143
0.132031  384.969 0.0530296 9.29703e-06 0.218042 8.86151e-06 0.00024715 0.000592867 0.00277063 0.000155332 0.725144
0.132161  389.388 0.0529432 1.06059e-05 0.217847 9.75526e-06 0.000271869 0.000607445 0.00299933 0.000166249 0.725145
0.132292  393.955 0.052855 1.20693e-05 0.21764 1.07216e-05 0.000298342 0.000620569 0.00324188 0.000177489 0.725144
0.132422  398.668 0.0527652 1.37005e-05 0.21742 1.1763e-05 0.000326561 0.000632195 0.00349864 0.000189009 0.725143
0.132552  403.524 0.0526736 1.55132e-05 0.217188 1.2881e-05 0.000356501 0.000642302 0.00376992 0.000200763 0.725141
0.132682  408.521 0.0525803 1.75213e-05 0.216942 1.40769e-05 0.000388113 0.000650887 0.00405601 0.000212697 0.725138
0.132812  413.655 0.0524854 1.97392e-05 0.216684 1.53512e-05 0.000421328 0.000657969 0.00435719 0.000224751 0.725134
0.132943  418.922 0.0523889 2.21811e-05 0.216412 1.67037e-05 0.000456052 0.000663582 0.00467369 0.000236862 0.72513
0.133073  424.318 0.0522908 2.48615e-05 0.216126 1.81336e-05 0.000492167 0.000667775 0.00500573 0.000248962 0.725125
0.133203  429.838 0.0521911 2.77946e-05 0.215826 1.96394e-05 0.000529537 0.000670609 0.0053535 0.000260979 0.72512
0.133333  435.478 0.05209 3.09947e-05 0.215513 2.12189e-05 0.000567999 0.000672154 0.00571714 0.000272841 0.725114
0.133854  459.153 0.0516711 4.65486e-05 0.214124 2.8231e-05 0.000730751 0.000666377 0.00732775 0.000318006 0.725087
0.134375  484.305 0.0512308 6.73662e-05 0.212517 3.61017e-05 0.000895545 0.000647342 0.00919652 0.000354939 0.725054
0.134896  510.568 0.0507713 9.40277e-05 0.210709 4.45245e-05 0.00104845 0.000620047 0.0113182 0.000380213 0.725015
0.135417  537.593 0.0502946 0.00012686 0.208719 5.32971e-05 0.0011772 0.000588126 0.0136789 0.000392167 0.724969
0.135937  565.069 0.0498027 0.000165929 0.206576 6.24419e-05 0.00127353 0.000554051 0.0162569 0.000390923 0.724917
0.136458  592.734 0.0492975 0.000211076 0.204305 7.22747e-05 0.00133422 0.00051946 0.0190254 0.000377979 0.724857
0.136979  620.375 0.0487807 0.000261985 0.20193 8.34085e-05 0.0013607 0.000485434 0.0219549 0.000355651 0.724787
0.1375  647.832 0.0482537 0.000318252 0.199468 9.67053e-05 0.00135788 0.000452682 0.0250173 0.000326561 0.724708
0.138021  674.988 0.0477177 0.000379457 0.196934 0.000113195 0.00133253 0.000421647 0.0281884 0.000293268 0.724619
0.138542  701.764 0.0471737 0.000445204 0.194335 0.000133982 0.00129189 0.00039258 0.0314497 0.000258048 0.72452
0.139063  728.108 0.0466224 0.000515149 0.191673 0.000160161 0.00124266 0.000365589 0.034789 0.000222781 0.72441
0.139583  753.995 0.0460641 0.000589008 0.188945 0.000192735 0.00119045 0.000340674 0.0382003 0.000188923 0.724289
0.140104  779.414 0.0454993 0.000666554 0.186145 0.000232564 0.00113962 0.000317769 0.0416833 0.000157513 0.724158
0.140625  804.364 0.044928 0.000747605 0.183266 0.000280315 0.00109332 0.000296757 0.0452419 0.000129216 0.724017
0.141146  828.853 0.0443505 0.000832008 0.180295 0.00033644 0.0010537 0.0002775 0.0488831 0.000104376 0.723868
0.141667  852.89 0.0437669 0.000919627 0.177221 0.000401156 0.00102214 0.000259847 0.0526159 8.30773e-05 0.723711
0.142188  876.489 0.0431775 0.00101033 0.174031 0.000474446 0.000999419 0.000243647 0.0564502 6.52082e-05 0.723548
0.142708  899.659 0.0425826 0.00110397 0.170716 0.00055606 0.00098594 0.000228752 0.0603957 5.05181e-05 0.723381
0.143229  922.412 0.0419824 0.00120039 0.167263 0.000645525 0.000981814 0.000215024 0.0644614 3.86712e-05 0.723212
0.14375  944.753 0.0413777 0.0012994 0.163664 0.000742165 0.00098696 0.000202337 0.0686546 2.929e-05 0.723043
0.144271  966.688 0.0407691 0.0014008 0.159913 0.000845114 0.00100116 0.000190574 0.0729804 2.19892e-05 0.722878
0.144792  988.219 0.0401573 0.00150432 0.156006 0.000953341 0.00102409 0.000179631 0.0774416 1.64006e-05 0.722717
0.145313  1009.35 0.0395434 0.00160968 0.151941 0.00106567 0.00105533 0.000169414 0.082038 1.21895e-05 0.722565
0.145833  1030.06 0.0389284 0.00171658 0.147722 0.00118082 0.00109439 0.000159843 0.0867664 9.06356e-06 0.722423
0.146354  1050.37 0.0383135 0.00182465 0.143352 0.00129741 0.00114071 0.000150845 0.0916208 6.77561e-06 0.722293
0.146875  1070.25 0.0377 0.00193353 0.138842 0.00141401 0.00119366 0.000142356 0.096592 5.12297e-06 0.722177
0.147396  1089.7 0.0370895 0.00204281 0.134203 0.00152915 0.00125253 0.000134325 0.101668 3.94369e-06 0.722077
0.147917  1108.7 0.0364832 0.00215208 0.129449 0.00164138 0.00131657 0.000126706 0.106834 3.11135e-06 0.721993
0.148438  1127.26 0.0358829 0.0022609 0.124599 0.00174929 0.00138499 0.000119459 0.112074 2.52938e-06 0.721927
0.148958  1145.35 0.03529 0.00236884 0.119671 0.00185152 0.00145693 0.000112554 0.117368 2.12539e-06 0.721879
0.149479  1162.96 0.0347061 0.00247546 0.114687 0.00194682 0.00153155 0.000105965 0.122696 1.84596e-06 0.721849
0.15  1180.1 0.0341328 0.00258033 0.10967 0.00203407 0.00160796 9.96703e-05 0.128037 1.65213e-06 0.721836
0.151042  1212.9 0.0330218 0.0027837 0.0996029 0.00218162 0.0017636 8.78899e-05 0.138697 1.43522e-06 0.72186
0.152083  1243.69 0.03197 0.00297541 0.0896815 0.00228767 0.0019169 7.7133e-05 0.149148 1.32418e-06 0.721942
0.153125  1272.44 0.0309865 0.00315294 0.0800798 0.00234988 0.00206267 6.73448e-05 0.159229 1.25969e-06 0.72207
0.154167  1299.18 0.0300784 0.00331438 0.0709468 0.00236891 0.002197 5.8487e-05 0.168803 1.21427e-06 0.722232
0.155208  1323.93 0.02925 0.00345848 0.0623989 0.00234809 0.00231735 5.05269e-05 0.177761 1.17584e-06 0.722415
0.15625  1346.79 0.0285033 0.00358463 0.0545168 0.00229277 0.00242258 4.34292e-05 0.186028 1.13953e-06 0.722608
0.157292  1367.84 0.027838 0.00369281 0.0473462 0.00220955 0.00251269 3.71519e-05 0.193561 1.10378e-06 0.722801
0.158333  1387.21 0.0272517 0.0037835 0.0409019 0.0021056 0.00258861 3.16449e-05 0.200346 1.06848e-06 0.722989
0.159375  1405.01 0.0267407 0.00385755 0.0351727 0.00198795 0.00265181 2.68511e-05 0.206395 1.03407e-06 0.723166
0.160417  1421.38 0.0262999 0.00391614 0.0301277 0.00186301 0.00270412 2.27083e-05 0.211736 1.00113e-06 0.723329
0.161458  1436.45 0.0259234 0.00396057 0.0257223 0.00173625 0.00274741 1.91517e-05 0.216413 9.70185e-07 0.723477
0.1625  1450.34 0.0256053 0.00399229 0.0219034 0.00161205 0.0027835 1.61167e-05 0.220478 9.41616e-07 0.723609
0.163542  1463.18 0.0253391 0.00401274 0.0186138 0.00149366 0.00281397 1.35403e-05 0.223987 9.15645e-07 0.723725
0.164583  1475.08 0.0251188 0.00402336 0.0157954 0.00138328 0.00284019 1.13634e-05 0.227001 8.9235e-07 0.723826
0.165625  1486.14 0.0249386 0.00402547 0.0133919 0.00128223 0.00286324 9.53141e-06 0.229574 8.7169e-07 0.723914
0.166667  1496.45 0.0247932 0.00402035 0.0113502 0.00119109 0.00288398 7.99491e-06 0.231763 8.53532e-07 0.723989
0.167708  1506.11 0.0246775 0.00400913 0.00962159 0.00110987 0.00290301 6.70992e-06 0.233618 8.37686e-07 0.724054
0.16875  1515.18 0.0245872 0.00399283 0.00816214 0.0010382 0.00292077 5.63781e-06 0.235184 8.23922e-07 0.724109
0.169792  1523.72 0.0245184 0.00397236 0.00693274 0.000975442 0.00293756 4.74502e-06 0.236502 8.11996e-07 0.724155
0.170833  1531.8 0.0244677 0.00394849 0.00589906 0.000920794 0.00295356 4.00266e-06 0.23761 8.01664e-07 0.724195
0.171875  1539.47 0.0244321 0.00392192 0.00503124 0.000873397 0.00296886 3.38609e-06 0.23854 7.92691e-07 0.724228
0.172917  1546.76 0.0244091 0.00389322 0.00430352 0.000832385 0.00298353 2.8744e-06 0.239318 7.8486e-07 0.724257
0.173958  1553.72 0.0243965 0.00386288 0.00369381 0.000796925 0.00299757 2.44994e-06 0.239968 7.77973e-07 0.724281
0.175  1560.38 0.0243924 0.00383132 0.0031833 0.000766244 0.00301097 2.09791e-06 0.240512 7.71855e-07 0.724301
0.176042  1566.77 0.0243954 0.0037989 0.00275599 0.000739644 0.00302374 1.80593e-06 0.240966 7.66355e-07 0.724318
0.177083  1572.9 0.0244041 0.00376588 0.00239837 0.000716503 0.00303585 1.56366e-06 0.241345 7.61343e-07 0.724332
0.178125  1578.81 0.0244173 0.00373252 0.00209905 0.000696281 0.00304728 1.36252e-06 0.241661 7.56709e-07 0.724344
0.179167  1584.51 0.0244342 0.00369901 0.00184845 0.000678512 0.00305803 1.19538e-06 0.241926 7.52361e-07 0.724354
0.180208  1590.02 0.0244541 0.00366551 0.00163852 0.000662796 0.00306809 1.05634e-06 0.242146 7.48224e-07 0.724363
0.18125  1595.35 0.0244762 0.00363214 0.00146253 0.000648796 0.00307746 9.4052e-07 0.242331 7.44236e-07 0.72437
0.182292  1600.52 0.0245001 0.003599 0.00131485 0.000636228 0.00308614 8.43872e-07 0.242486 7.40348e-07 0.724376
0.183333  1605.53 0.0245253 0.00356618 0.00119078 0.000624854 0.00309416 7.63067e-07 0.242616 7.3652e-07 0.724381
0.184375  1610.39 0.0245514 0.00353374 0.00108638 0.000614477 0.00310151 6.95353e-07 0.242725 7.32722e-07 0.724385
0.185417  1615.12 0.0245783 0.00350172 0.000998372 0.000604933 0.00310821 6.3846e-07 0.242818 7.28929e-07 0.724389
0.186458  1619.72 0.0246057 0.00347017 0.000924035 0.000596084 0.0031143 5.90516e-07 0.242896 7.25125e-07 0.724392
0.1875  1624.2 0.0246333 0.00343911 0.000861091 0.00058782 0.00311978 5.49977e-07 0.242963 7.21295e-07 0.724395
0.188542  1628.56 0.024661 0.00340856 0.000807645 0.000580047 0.00312468 5.1557e-07 0.24302 7.1743e-07 0.724397
0.189583  1632.82 0.0246887 0.00337852 0.000762121 0.00057269 0.00312901 4.86245e-07 0.243068 7.13525e-07 0.724399
0.190625  1636.97 0.0247162 0.00334901 0.000723204 0.000565686 0.00313282 4.61136e-07 0.243111 7.09574e-07 0.724401
0.191667  1641.02 0.0247436 0.00332003 0.000689802 0.000558984 0.00313611 4.39527e-07 0.243148 7.05577e-07 0.724402
0.192708  1644.98 0.0247707 0.00329158 0.000661005 0.000552541 0.00313891 4.20829e-07 0.24318 7.01533e-07 0.724404
0.19375  1648.84 0.0247975 0.00326365 0.000636054 0.000546323 0.00314125 4.04553e-07 0.243209 6.97443e-07 0.724405
0.194792  1652.62 0.024824 0.00323623 0.000614319 0.000540301 0.00314314 3.90297e-07 0.243235 6.93308e-07 0.724406
0.195833  1656.32 0.0248501 0.00320932 0.000595269 0.000534452 0.00314461 3.77724e-07 0.243259 6.8913e-07 0.724406
0.196875  1659.93 0.0248758 0.00318292 0.000578463 0.000528756 0.00314568 3.66557e-07 0.24328 6.84914e-07 0.724407
0.197917  1663.47 0.0249011 0.00315701 0.000563527 0.000523197 0.00314636 3.56563e-07 0.2433 6.8066e-07 0.724408
0.198958  1666.94 0.024926 0.00313157 0.00055014 0.000517761 0.00314668 3.47543e-07 0.243318 6.76374e-07 0.724408
0.2  1670.33 0.0249504 0.00310661 0.000538023 0.000512437 0.00314666 3.39325e-07 0.243336 6.72062e-07 0.724409
0.20625  1689.26 0.0250883 0.00296641 0.000486508 0.000482616 0.00314004 3.03237e-07 0.243424 6.45777e-07 0.724411
0.2125  1706.18 0.0252121 0.00284031 0.000450163 0.000455463 0.00312473 2.7727e-07 0.243504 6.1923e-07 0.724412
0.21875  1721.42 0.0253237 0.00272622 0.000420974 0.000430552 0.00310305 2.56425e-07 0.243581 5.92943e-07 0.724414
0.225  1735.24 0.0254246 0.0026224 0.00039581 0.000407627 0.0030767 2.38677e-07 0.243657 5.67285e-07 0.724414
0.23125  1747.84 0.0255165 0.00252742 0.000373356 0.000386493 0.00304695 2.23109e-07 0.243733 5.4249e-07 0.724415
0.2375  1759.39 0.0256006 0.00244011 0.000352993 0.00036698 0.00301478 2.09238e-07 0.243808 5.18699e-07 0.724416
0.24375  1770.04 0.0256778 0.00235951 0.000334377 0.000348937 0.00298091 1.96764e-07 0.243881 4.95987e-07 0.724416
0.25  1779.88 0.0257491 0.00228482 0.000317278 0.000332228 0.00294589 1.85478e-07 0.243953 4.74382e-07 0.724417
0.25625  1789.01 0.0258151 0.00221535 0.000301523 0.000316729 0.00291014 1.75218e-07 0.244023 4.53881e-07 0.724417
0.2625  1797.51 0.0258765 0.00215054 0.000286968 0.000302327 0.00287401 1.65854e-07 0.244091 4.34463e-07 0.724418
0.26875  1805.46 0.0259337 0.00208991 0.000273493 0.000288923 0.00283775 1.57279e-07 0.244158 4.16092e-07 0.724418
0.275  1812.89 0.0259873 0.00203302 0.000260992 0.000276427 0.00280154 1.49401e-07 0.244222 3.98723e-07 0.724418
0.28125  1819.88 0.0260375 0.00197953 0.000249371 0.000264759 0.00276555 1.42143e-07 0.244284 3.82309e-07 0.724418
0.2875  1826.45 0.0260847 0.00192912 0.000238549 0.000253847 0.00272989 1.35439e-07 0.244345 3.66799e-07 0.724419
0.29375  1832.65 0.0261291 0.0018815 0.000228451 0.000243626 0.00269466 1.29231e-07 0.244403 3.52142e-07 0.724419
0.3  1838.51 0.0261711 0.00183644 0.000219015 0.000234038 0.00265991 1.2347e-07 0.24446 3.38288e-07 0.724419
0.3075  1845.12 0.0262185 0.00178547 0.000208485 0.000223297 0.00261894 1.17086e-07 0.244526 3.2266e-07 0.724419
0.315  1851.34 0.0262629 0.00173754 0.000198735 0.000213313 0.0025788 1.11217e-07 0.244589 3.08039e-07 0.724419
0.3225  1857.18 0.0263047 0.00169238 0.000189687 0.000204015 0.00253955 1.05807e-07 0.24465 2.94349e-07 0.724419
0.33  1862.7 0.0263441 0.00164975 0.000181274 0.000195339 0.0025012 1.00807e-07 0.244708 2.81521e-07 0.72442
0.3375  1867.91 0.0263813 0.00160942 0.000173436 0.00018723 0.00246376 9.61753e-08 0.244765 2.69488e-07 0.72442
0.345  1872.84 0.0264164 0.00157119 0.00016612 0.000179638 0.00242724 9.18754e-08 0.244819 2.58192e-07 0.72442
0.3525  1877.51 0.0264498 0.00153491 0.00015928 0.000172519 0.00239162 8.78753e-08 0.244872 2.47577e-07 0.72442
0.36  1881.95 0.0264814 0.00150042 0.000152874 0.000165833 0.0023569 8.41465e-08 0.244922 2.37592e-07 0.72442
0.378  1891.73 0.026551 0.00142433 0.000139094 0.000151386 0.00227733 7.61838e-08 0.245036 2.15982e-07 0.72442
0.396  1900.47 0.0266131 0.00135616 0.000127167 0.00013882 0.00220257 6.93579e-08 0.245141 1.97168e-07 0.72442
0.414  1908.33 0.026669 0.00129469 0.00011677 0.000127814 0.00213231 6.34581e-08 0.245239 1.80702e-07 0.72442
0.432  1915.46 0.0267196 0.00123893 0.000107648 0.000118115 0.00206623 5.83204e-08 0.245329 1.66216e-07 0.72442
0.4536  1923.16 0.0267743 0.00117852 9.81047e-05 0.000107924 0.00199208 5.29854e-08 0.245428 1.51039e-07 0.724421
0.4752  1930.09 0.0268235 0.00112408 8.98202e-05 9.90423e-05 0.00192301 4.83882e-08 0.24552 1.37861e-07 0.724421
0.4968  1936.36 0.0268679 0.00107475 8.25782e-05 9.12496e-05 0.00185855 4.43958e-08 0.245604 1.26347e-07 0.724421
0.5184  1942.07 0.0269084 0.00102982 7.62076e-05 8.43711e-05 0.00179828 4.09044e-08 0.245682 1.16231e-07 0.724421
0.54432  1948.26 0.0269523 0.000980927 6.95263e-05 7.71334e-05 0.00173101 3.72639e-08 0.245768 1.05642e-07 0.724421
0.57024  1953.86 0.0269919 0.000936708 6.37129e-05 7.0816e-05 0.00166864 3.41143e-08 0.245847 9.64524e-08 0.724421
0.59616  1958.95 0.0270279 0.000896502 5.86206e-05 6.52665e-05 0.00161068 3.13694e-08 0.24592 8.84259e-08 0.724421
0.62208  1963.58 0.0270607 0.000859769 5.41346e-05 6.03623e-05 0.00155667 2.89618e-08 0.245987 8.13739e-08 0.724421
0.684288  1973.16 0.0271285 0.000783788 4.53651e-05 5.07387e-05 0.00144175 2.42847e-08 0.246129 6.76602e-08 0.724421
0.746496  1981.1 0.0271848 0.000720604 3.86047e-05 4.32898e-05 0.00134288 2.07061e-08 0.246249 5.7176e-08 0.724421
0.821146  1989.01 0.0272407 0.000657598 3.23621e-05 3.63835e-05 0.00124131 1.74211e-08 0.24637 4.75737e-08 0.724421
0.895795  1995.59 0.0272873 0.000605058 2.75467e-05 3.10362e-05 0.00115431 1.48988e-08 0.246474 4.02287e-08 0.724421
0.985375  2002.16 0.0273338 0.000552543 2.3096e-05 2.60773e-05 0.00106526 1.25748e-08 0.246578 3.3497e-08 0.724421
1.07495  2007.64 0.0273726 0.000508676 1.96613e-05 2.22387e-05 0.00098927 1.07847e-08 0.246666 2.83446e-08 0.724421
1.18245  2013.11 0.0274114 0.000464769 1.64855e-05 1.86797e-05 0.000911725 9.13017e-09 0.246756 2.36198e-08 0.724421
1.28995  2017.69 0.0274438 0.000428057 1.40349e-05 1.59267e-05 0.000845782 7.85223e-09 0.246831 2.00012e-08 0.724421
1.41894  2022.25 0.0274761 0.000391291 1.17693e-05 1.33757e-05 0.000778667 6.66802e-09 0.246908 1.66825e-08 0.724421
1.54793  2026.09 0.0275032 0.000360532 1.00229e-05 1.14039e-05 0.000721769 5.75146e-09 0.246972 1.41386e-08 0.724421
1.85752  2032.76 0.0275512 0.000305678 7.24366e-06 8.25771e-06 0.000618301 4.28127e-09 0.247088 1.0135e-08 0.724421
2.22903  2038.97 0.0275944 0.000256966 5.1435e-06 5.87534e-06 0.000524763 3.15324e-09 0.247192 7.1376e-09 0.724421
2.67483  2043.03 0.0276241 0.000222519 3.86534e-06 4.42486e-06 0.000457242 2.45296e-09 0.247267 5.3436e-09 0.724421
3.2098  2048.69 0.0276634 0.000178154 2.49008e-06 2.85375e-06 0.000369249 1.67678e-09 0.247363 3.41453e-09 0.724421
3.85176  2048.69 0.0276634 0.000178154 2.49008e-06 2.85375e-06 0.000369249 1.67678e-09 0.247363 3.41453e-09 0.724421
