TITLE="Graphics"
VARIABLES= "x", "T1", "Y_H2_1", 
"Y_H_1", "Y_O2_1", "Y_O_1", "Y_OH_1", "Y_HO2_1", "Y_H2O_1", "Y_H2O2_1", "Y_N2_1"
0  300 0.0554618 0 0.220085 0 0 0 0 0 0.724453
0.00625  300 0.0554618 6.80602e-21 0.220085 5.46477e-17 5.70358e-17 2.04957e-15 9.42002e-16 0 0.724453
0.0125  300 0.0554618 1.3612e-20 0.220085 1.09295e-16 1.14072e-16 4.09914e-15 1.884e-15 0 0.724453
0.01875  300 0.0554618 0 0.220085 1.72506e-17 0 1.31319e-15 5.73656e-16 0 0.724453
0.025  300 0.0554618 0 0.220085 0 0 0 0 9.08112e-25 0.724453
0.03125  300 0.0554618 1.45725e-20 0.220085 7.9639e-17 1.2284e-16 2.31532e-15 1.0873e-15 0 0.724453
0.0375  300 0.0554618 4.74242e-20 0.220085 2.34072e-16 4.00679e-16 6.1034e-15 2.9113e-15 0 0.724453
0.04375  300 0.0554618 0 0.220085 0 0 1.0715e-15 4.36046e-16 0 0.724453
0.05  300 0.0554618 0 0.220085 0 0 0 0 2.73694e-24 0.724453
0.056  300 0.0554618 4.60401e-20 0.220085 1.19999e-16 3.91741e-16 2.07462e-15 9.89298e-16 0 0.724453
0.062  300 0.0554618 1.86743e-19 0.220085 5.25337e-16 1.58676e-15 8.10965e-15 4.0178e-15 0 0.724453
0.068  300 0.0554618 0 0.220085 0 0 5.27027e-16 1.41441e-16 7.52323e-25 0.724453
0.074  300 0.0554618 0 0.220085 0 0 0 0 6.32748e-24 0.724453
0.08  300 0.0554618 2.38368e-19 0.220085 3.28953e-16 2.03074e-15 1.53552e-15 7.16635e-16 0 0.724453
0.086  300 0.0554618 8.95097e-19 0.220085 1.52556e-15 7.62002e-15 1.01266e-14 5.16819e-15 0 0.724453
0.092  300 0.0554619 0 0.220085 0 0 2.53804e-15 1.23585e-15 4.01205e-24 0.724453
0.098  300 0.0554619 0 0.220085 0 0 0 0 1.59881e-23 0.724453
0.09825  300 0.0554619 0 0.220085 0 0 0 0 1.61711e-23 0.724453
0.0985  300 0.0554619 0 0.220085 0 0 0 0 1.63541e-23 0.724453
0.09875  300 0.0554619 0 0.220085 0 0 0 0 1.65077e-23 0.724453
0.099  300 0.0554619 0 0.220085 0 0 0 0 1.66614e-23 0.724453
0.09925  300 0.0554619 0 0.220085 0 0 0 0 1.67819e-23 0.724453
0.0995  300 0.0554619 0 0.220085 0 0 0 0 1.69024e-23 0.724453
0.09975  300 0.0554619 0 0.220085 0 0 0 0 1.6987e-23 0.724453
0.1  300 0.0554619 0 0.220085 0 0 0 0 1.70716e-23 0.724453
0.101042  300 0.0554619 0 0.220085 0 0 0 0 1.70304e-23 0.724453
0.102083  300 0.0554618 4.88596e-19 0.220085 0 0 0 0 1.69892e-23 0.724453
0.103125  300 0.0554618 5.29179e-18 0.220085 3.17559e-15 2.90225e-14 0 0 2.2113e-23 0.724453
0.104167  300 0.0554618 1.0095e-17 0.220085 6.9223e-15 5.88542e-14 1.64223e-15 2.7745e-16 2.72368e-23 0.724453
0.105208  300 0.0554617 3.55649e-17 0.220085 2.53357e-14 2.16691e-13 2.34199e-14 1.06881e-14 2.4763e-22 0.724453
0.10625  300 0.0554616 6.10347e-17 0.220085 4.37491e-14 3.74527e-13 4.51975e-14 2.10987e-14 4.68024e-22 0.724453
0.107292  300 0.0554615 1.96773e-16 0.220085 1.34256e-13 1.21539e-12 1.63907e-13 7.80538e-14 7.98948e-21 0.724453
0.108333  300 0.0554613 3.32511e-16 0.220085 2.24762e-13 2.05626e-12 2.82617e-13 1.35009e-13 1.55109e-20 0.724454
0.109375  300.001 0.055461 1.0567e-15 0.220085 6.69639e-13 6.54156e-12 9.18466e-13 4.41488e-13 1.44887e-19 0.724454
0.110417  300.001 0.0554607 1.78088e-15 0.220085 1.11452e-12 1.10269e-11 1.55431e-12 7.47967e-13 2.74262e-19 0.724454
0.111458  300.002 0.05546 5.64659e-15 0.220086 3.30127e-12 3.49574e-11 4.95073e-12 2.42357e-12 1.36574e-17 0.724454
0.1125  300.003 0.0554594 9.5123e-15 0.220086 5.48801e-12 5.88879e-11 8.34715e-12 4.09917e-12 2.70404e-17 0.724455
0.113542  300.006 0.0554579 3.01655e-14 0.220086 1.62361e-11 1.86563e-10 2.64895e-11 1.42351e-11 0 0.724456
0.114583  300.009 0.0554564 5.08187e-14 0.220087 2.69842e-11 3.14239e-10 4.46319e-11 2.43711e-11 0 0.724457
0.115625  300.019 0.0554533 1.61369e-13 0.220088 7.98041e-11 9.95325e-10 1.42252e-10 1.1499e-10 9.89654e-14 0.724459
0.116667  300.029 0.0554501 2.7192e-13 0.220089 1.32624e-10 1.67641e-09 2.39872e-10 2.0561e-10 1.99297e-13 0.724461
0.117708  300.061 0.0554433 8.65878e-13 0.220092 3.92078e-10 5.30811e-09 6.73174e-10 1.80437e-09 0 0.724465
0.11875  300.094 0.0554365 1.45984e-12 0.220094 6.51533e-10 8.93981e-09 1.10648e-09 3.40312e-09 0 0.724469
0.119271  300.136 0.0554302 2.73832e-12 0.220097 1.16155e-09 1.66516e-08 7.86382e-09 1.95125e-08 4.39009e-10 0.724473
0.119792  300.178 0.0554239 4.0168e-12 0.220099 1.67158e-09 2.43634e-08 1.46212e-08 3.5622e-08 8.99083e-10 0.724477
0.120312  300.251 0.0554148 7.01383e-12 0.220102 2.68529e-09 4.01554e-08 3.36994e-08 7.95495e-08 2.31018e-09 0.724483
0.120833  300.323 0.0554057 1.00109e-11 0.220105 3.69901e-09 5.59473e-08 5.27776e-08 1.23477e-07 3.72127e-09 0.724489
0.121354  300.447 0.0553925 1.79065e-11 0.22011 5.71278e-09 8.8345e-08 1.07114e-07 2.43343e-07 8.0423e-09 0.724497
0.121875  300.571 0.0553793 2.58021e-11 0.220115 7.72656e-09 1.20743e-07 1.6145e-07 3.63208e-07 1.23633e-08 0.724505
0.122396  300.782 0.0553603 4.96728e-11 0.220122 1.17233e-08 1.87254e-07 3.171e-07 6.90315e-07 2.55617e-08 0.724517
0.122917  300.994 0.0553412 7.35434e-11 0.220128 1.572e-08 2.53765e-07 4.7275e-07 1.01742e-06 3.87601e-08 0.724529
0.123437  301.354 0.0553138 1.55996e-10 0.220137 2.36419e-08 3.90384e-07 9.18319e-07 1.90873e-06 7.8909e-08 0.724546
0.123958  301.715 0.0552863 2.38449e-10 0.220146 3.15637e-08 5.27003e-07 1.36389e-06 2.80004e-06 1.19058e-07 0.724562
0.124479  302.328 0.0552469 5.52536e-10 0.220158 4.72416e-08 8.08124e-07 2.62785e-06 5.21859e-06 2.40336e-07 0.724586
0.125  302.942 0.0552075 8.66624e-10 0.22017 6.29194e-08 1.08925e-06 3.89181e-06 7.63714e-06 3.61614e-07 0.72461
0.12526  303.409 0.0551813 1.37972e-09 0.220176 7.65257e-08 1.34304e-06 5.37168e-06 1.03867e-05 5.12781e-07 0.724625
0.125521  303.877 0.0551552 1.89283e-09 0.220183 9.01319e-08 1.59683e-06 6.85156e-06 1.31363e-05 6.63947e-07 0.72464
0.125781  304.483 0.0551241 2.93464e-09 0.220189 1.09103e-07 1.95948e-06 9.21819e-06 1.75082e-05 9.14213e-07 0.724657
0.126042  305.089 0.0550929 3.97645e-09 0.220195 1.28075e-07 2.32212e-06 1.15848e-05 2.188e-05 1.16448e-06 0.724675
0.126302  305.873 0.0550558 6.14124e-09 0.220201 1.54579e-07 2.84383e-06 1.53231e-05 2.88047e-05 1.57619e-06 0.724695
0.126562  306.657 0.0550188 8.30604e-09 0.220206 1.81083e-07 3.36554e-06 1.90614e-05 3.57295e-05 1.9879e-06 0.724715
0.126823  307.67 0.0549747 1.28133e-08 0.22021 2.18249e-07 4.12361e-06 2.48759e-05 4.66434e-05 2.65938e-06 0.724737
0.127083  308.683 0.0549307 1.73206e-08 0.220213 2.55415e-07 4.88169e-06 3.06904e-05 5.75573e-05 3.33086e-06 0.72476
0.127214  309.299 0.0549057 2.1386e-08 0.220213 2.79746e-07 5.39574e-06 3.47465e-05 6.53401e-05 3.82123e-06 0.724772
0.127344  309.915 0.0548806 2.54514e-08 0.220213 3.04077e-07 5.9098e-06 3.88026e-05 7.3123e-05 4.3116e-06 0.724784
0.127474  310.614 0.0548534 3.12629e-08 0.220211 3.33008e-07 6.53542e-06 4.37671e-05 8.28174e-05 4.92994e-06 0.724797
0.127604  311.312 0.0548262 3.70743e-08 0.220209 3.61939e-07 7.16104e-06 4.87315e-05 9.25117e-05 5.54828e-06 0.72481
0.127734  312.103 0.0547966 4.53895e-08 0.220206 3.96432e-07 7.92613e-06 5.47635e-05 0.000104561 6.32475e-06 0.724824
0.127865  312.894 0.0547671 5.37046e-08 0.220202 4.30924e-07 8.69123e-06 6.07955e-05 0.00011661 7.10122e-06 0.724837
0.127995  313.789 0.054735 6.55815e-08 0.220196 4.72179e-07 9.63176e-06 6.80651e-05 0.000131549 8.07169e-06 0.724851
0.128125  314.685 0.054703 7.74585e-08 0.22019 5.13433e-07 1.05723e-05 7.53348e-05 0.000146489 9.04216e-06 0.724865
0.128255  315.696 0.0546683 9.43671e-08 0.220181 5.62954e-07 1.17347e-05 8.40163e-05 0.00016496 1.02486e-05 0.724879
0.128385  316.707 0.0546336 1.11276e-07 0.220172 6.12475e-07 1.2897e-05 9.26979e-05 0.000183431 1.14551e-05 0.724893
0.128516  317.849 0.0545961 1.35244e-07 0.220159 6.72159e-07 1.43411e-05 0.00010296 0.000206197 1.29461e-05 0.724908
0.128646  318.99 0.0545586 1.59211e-07 0.220146 7.31843e-07 1.57852e-05 0.000113221 0.000228964 1.4437e-05 0.724922
0.128776  320.276 0.0545181 1.93012e-07 0.220128 8.04089e-07 1.75881e-05 0.000125211 0.000256926 1.62673e-05 0.724937
0.128906  321.561 0.0544777 2.26813e-07 0.22011 8.76336e-07 1.93909e-05 0.0001372 0.000284888 1.80975e-05 0.724951
0.129036  323.007 0.0544341 2.74208e-07 0.220087 9.6418e-07 2.1651e-05 0.000151028 0.000319096 2.0328e-05 0.724966
0.129167  324.453 0.0543905 3.21602e-07 0.220063 1.05203e-06 2.39111e-05 0.000164856 0.000353303 2.25585e-05 0.724981
0.129297  326.075 0.0543436 3.87633e-07 0.220033 1.1593e-06 2.67531e-05 0.000180572 0.000394966 2.5255e-05 0.724995
0.129427  327.697 0.0542967 4.53663e-07 0.220002 1.26657e-06 2.95951e-05 0.000196288 0.000436628 2.79516e-05 0.725009
0.129557  329.512 0.0542465 5.45027e-07 0.219963 1.3981e-06 3.31751e-05 0.000213862 0.000487124 3.1184e-05 0.725023
0.129688  331.328 0.0541962 6.36392e-07 0.219925 1.52963e-06 3.67552e-05 0.000231436 0.00053762 3.44164e-05 0.725037
0.129818  333.354 0.0541424 7.61871e-07 0.219877 1.69143e-06 4.12653e-05 0.000250736 0.000598491 3.82561e-05 0.72505
0.129948  335.38 0.0540886 8.87351e-07 0.219829 1.85323e-06 4.57754e-05 0.000270035 0.000659363 4.20959e-05 0.725063
0.130078  337.634 0.0540311 1.05831e-06 0.21977 2.05271e-06 5.14469e-05 0.000290807 0.000732309 4.66136e-05 0.725075
0.130208  339.888 0.0539737 1.22928e-06 0.21971 2.25219e-06 5.71184e-05 0.00031158 0.000805254 5.11313e-05 0.725087
0.130339  342.386 0.0539126 1.46023e-06 0.219639 2.49835e-06 6.42229e-05 0.000333447 0.000892107 5.63936e-05 0.725098
0.130469  344.885 0.0538514 1.69118e-06 0.219568 2.7445e-06 7.13274e-05 0.000355313 0.000978961 6.16559e-05 0.725109
0.130599  347.644 0.0537865 2.00037e-06 0.219482 3.04798e-06 8.01737e-05 0.000377777 0.00108166 6.77217e-05 0.725119
0.130729  350.403 0.0537216 2.30955e-06 0.219397 3.35146e-06 8.902e-05 0.000400241 0.00118436 7.37875e-05 0.725129
0.130859  353.436 0.0536529 2.71951e-06 0.219296 3.72459e-06 9.99459e-05 0.000422707 0.0013049 8.07031e-05 0.725137
0.13099  356.469 0.0535843 3.12947e-06 0.219195 4.09772e-06 0.000110872 0.000445173 0.00142545 8.76188e-05 0.725145
0.13112  359.787 0.0535118 3.66759e-06 0.219076 4.55425e-06 0.000124229 0.000466989 0.00156585 9.54125e-05 0.725151
0.13125  363.106 0.0534393 4.20571e-06 0.218958 5.01079e-06 0.000137585 0.000488805 0.00170626 0.000103206 0.725158
0.13138  366.718 0.0533631 4.90461e-06 0.218821 5.56548e-06 0.000153715 0.000509314 0.0018685 0.000111882 0.725162
0.13151  370.331 0.0532869 5.60351e-06 0.218683 6.12017e-06 0.000169845 0.000529824 0.00203074 0.000120557 0.725167
0.131641  374.241 0.053207 6.50128e-06 0.218525 6.78801e-06 0.000189052 0.00054842 0.00221671 0.000130086 0.72517
0.131771  378.152 0.053127 7.39904e-06 0.218367 7.45585e-06 0.000208259 0.000567017 0.00240268 0.000139614 0.725173
0.131901  382.363 0.0530435 8.53912e-06 0.218187 8.2511e-06 0.000230772 0.000583201 0.00261414 0.000149928 0.725174
0.132031  386.573 0.0529599 9.6792e-06 0.218007 9.04636e-06 0.000253286 0.000599386 0.0028256 0.000160242 0.725176
0.132161  391.079 0.0528728 1.11101e-05 0.217803 9.98133e-06 0.000279224 0.000612807 0.00306414 0.000171227 0.725175
0.132292  395.585 0.0527857 1.25409e-05 0.2176 1.09163e-05 0.000305163 0.000626227 0.00330267 0.000182212 0.725175
0.132422  400.379 0.0526952 1.43154e-05 0.217371 1.20001e-05 0.000334499 0.000636699 0.00356969 0.000193706 0.725173
0.132552  405.174 0.0526047 1.60898e-05 0.217142 1.3084e-05 0.000363836 0.00064717 0.00383672 0.000205199 0.725171
0.132682  410.245 0.0525109 1.82637e-05 0.216887 1.43215e-05 0.000396367 0.000654671 0.00413343 0.000216992 0.725168
0.132812  415.315 0.052417 2.04377e-05 0.216632 1.55591e-05 0.000428897 0.000662173 0.00443015 0.000228784 0.725165
0.132943  420.648 0.05232 2.30689e-05 0.21635 1.69504e-05 0.000464225 0.000666824 0.00475756 0.000240624 0.72516
0.133073  425.98 0.052223 2.57002e-05 0.216069 1.83416e-05 0.000499553 0.000671476 0.00508497 0.000252464 0.725156
0.133203  431.555 0.052123 2.88468e-05 0.215759 1.98815e-05 0.000537078 0.000673498 0.00544389 0.000264071 0.72515
0.133333  437.131 0.0520229 3.19934e-05 0.21545 2.14214e-05 0.000574604 0.00067552 0.00580281 0.000275679 0.725145
0.133854  461.551 0.051595 5.00789e-05 0.213953 2.89146e-05 0.000737961 0.000660768 0.00754284 0.000316958 0.725115
0.134375  485.971 0.0511671 6.81643e-05 0.212455 3.64078e-05 0.000901319 0.000646017 0.00928287 0.000358237 0.725085
0.134896  512.56 0.0507009 9.78682e-05 0.210558 4.49464e-05 0.00103972 0.000616754 0.0115226 0.000375801 0.725043
0.135417  539.15 0.0502346 0.000127572 0.208661 5.3485e-05 0.00117811 0.000587491 0.0137623 0.000393364 0.725002
0.135937  566.629 0.049738 0.000169613 0.206461 6.28138e-05 0.00125418 0.000554096 0.0164298 0.000384941 0.724946
0.136458  594.107 0.0492413 0.000211653 0.20426 7.21425e-05 0.00133024 0.0005207 0.0190973 0.000376518 0.72489
0.136979  621.55 0.0487213 0.000265108 0.201852 8.41902e-05 0.00134095 0.000487985 0.0220818 0.000349984 0.724817
0.1375  648.992 0.0482012 0.000318563 0.199444 9.62379e-05 0.00135166 0.00045527 0.0250663 0.00032345 0.724743
0.138021  675.853 0.047663 0.000381846 0.196891 0.000114779 0.00131893 0.000425475 0.0282668 0.000288998 0.724649
0.138542  702.713 0.0471248 0.000445129 0.194338 0.000133319 0.00128619 0.000395681 0.0314673 0.000254546 0.724555
0.139063  728.736 0.0465717 0.000516806 0.191658 0.000162693 0.00123636 0.000369646 0.0348258 0.00022022 0.724439
0.139583  754.759 0.0460185 0.000588483 0.188977 0.000192067 0.00118653 0.000343612 0.0381843 0.000185895 0.724323
0.140104  779.865 0.0454519 0.000667549 0.186152 0.000235937 0.0011388 0.000321383 0.0416896 0.000156466 0.724187
0.140625  804.972 0.0448853 0.000746615 0.183326 0.000279807 0.00109108 0.000299155 0.0451948 0.000127038 0.72405
0.141146  829.174 0.044306 0.000832399 0.180316 0.00034036 0.00105603 0.000280376 0.048869 0.0001044 0.723896
0.141667  853.375 0.0437268 0.000918183 0.177305 0.000400913 0.00102098 0.000261597 0.0525431 8.1762e-05 0.723742
0.142188  876.711 0.0431357 0.00101013 0.174062 0.000478515 0.00100316 0.000245759 0.0564231 6.58216e-05 0.723576
0.142708  900.046 0.0425447 0.00110209 0.170819 0.000556118 0.000985341 0.000229921 0.0603032 4.98811e-05 0.72341
0.143229  922.555 0.0419434 0.00119959 0.167299 0.000649308 0.000985976 0.000216495 0.0644258 3.94869e-05 0.723241
0.14375  945.063 0.0413421 0.00129709 0.16378 0.000742499 0.000986611 0.000203069 0.0685483 2.90926e-05 0.723071
0.144271  966.765 0.040733 0.00139934 0.159954 0.000848187 0.00100523 0.000191571 0.0729376 2.27647e-05 0.722908
0.144792  988.467 0.0401239 0.00150158 0.156129 0.000953874 0.00102385 0.000180073 0.0773268 1.64368e-05 0.722745
0.145313  1009.36 0.0395105 0.00160749 0.151988 0.00106766 0.00105903 0.000170093 0.0819869 1.28155e-05 0.722598
0.145833  1030.26 0.0388971 0.00171341 0.147847 0.00118144 0.00109421 0.000160113 0.0866469 9.19412e-06 0.722451
0.146354  1050.33 0.0382841 0.00182166 0.143407 0.001298 0.00114384 0.000151324 0.0915584 7.23273e-06 0.722329
0.146875  1070.4 0.0376711 0.00192991 0.138967 0.00141457 0.00119347 0.000142534 0.0964699 5.27134e-06 0.722207
0.147396  1089.6 0.037064 0.00203895 0.134269 0.00152813 0.00125488 0.000134687 0.10159 4.25799e-06 0.722116
0.147917  1108.81 0.0364568 0.00214798 0.129572 0.00164169 0.00131629 0.00012684 0.106709 3.24464e-06 0.722026
0.148438  1127.1 0.0358616 0.00225609 0.124682 0.0017465 0.00138633 0.000119757 0.111974 2.73918e-06 0.721971
0.148958  1145.4 0.0352664 0.0023642 0.119792 0.00185131 0.00145637 0.000112674 0.117238 2.23372e-06 0.721917
0.149479  1162.75 0.0346893 0.00246964 0.114794 0.00194211 0.00153157 0.000106232 0.122567 1.98294e-06 0.721898
0.15  1180.1 0.0341122 0.00257508 0.109795 0.00203292 0.00160678 9.97896e-05 0.127897 1.73216e-06 0.72188
0.151042  1211.89 0.033029 0.00277336 0.0997395 0.00216002 0.00176159 8.84833e-05 0.138507 1.56163e-06 0.72194
0.152083  1243.69 0.0319458 0.00297164 0.0896836 0.00228713 0.0019164 7.7177e-05 0.149116 1.39109e-06 0.722
0.153125  1271.4 0.0309997 0.00314145 0.0802846 0.00232698 0.00205601 6.78346e-05 0.158971 1.32597e-06 0.722151
0.154167  1299.12 0.0300535 0.00331125 0.0708855 0.00236682 0.00219562 5.84921e-05 0.168825 1.26085e-06 0.722302
0.155208  1322.88 0.0292668 0.00344637 0.062668 0.00232802 0.00230774 5.09618e-05 0.177438 1.21639e-06 0.722493
0.15625  1346.64 0.02848 0.00358148 0.0544505 0.00228921 0.00241986 4.34315e-05 0.18605 1.17194e-06 0.722684
0.157292  1366.8 0.0278555 0.00368074 0.0476585 0.00219554 0.00250239 3.75487e-05 0.193193 1.13161e-06 0.722876
0.158333  1386.96 0.027231 0.00378 0.0408664 0.00210186 0.00258492 3.16658e-05 0.200336 1.09128e-06 0.723068
0.159375  1404 0.0267561 0.00384614 0.0355 0.00198114 0.00264254 2.72095e-05 0.206009 1.05435e-06 0.723237
0.160417  1421.05 0.0262813 0.00391229 0.0301335 0.00186042 0.00270017 2.27532e-05 0.211682 1.01742e-06 0.723406
0.161458  1435.5 0.0259346 0.00395028 0.0260392 0.00173585 0.00274003 1.94671e-05 0.216035 9.85476e-07 0.723545
0.1625  1449.95 0.0255879 0.00398827 0.0219449 0.00161128 0.0027799 1.61809e-05 0.220387 9.53529e-07 0.723683
0.163542  1462.3 0.0253447 0.00400384 0.0189024 0.00149779 0.00280859 1.38097e-05 0.223637 9.27416e-07 0.723791
0.164583  1474.66 0.0251015 0.0040194 0.0158599 0.0013843 0.00283728 1.14384e-05 0.226887 9.01304e-07 0.723898
0.165625  1485.34 0.0249383 0.00401802 0.0136426 0.00128886 0.00285955 9.75552e-06 0.229263 8.80874e-07 0.723979
0.166667  1496.02 0.0247751 0.00401665 0.0114253 0.00119342 0.00288182 8.07261e-06 0.231639 8.60444e-07 0.72406
0.167708  1505.38 0.0246714 0.00400307 0.00983174 0.00111735 0.00290055 6.89246e-06 0.233349 8.44912e-07 0.724119
0.16875  1514.75 0.0245677 0.00398949 0.00823819 0.00104127 0.00291927 5.71232e-06 0.23506 8.2938e-07 0.724178
0.169792  1523.06 0.0245071 0.00396753 0.00710405 0.000982686 0.00293592 4.89147e-06 0.236276 8.17721e-07 0.724221
0.170833  1531.38 0.0244466 0.00394556 0.00596991 0.000924098 0.00295257 4.07061e-06 0.237493 8.06061e-07 0.724264
0.171875  1538.87 0.0244164 0.00391813 0.00516795 0.000879842 0.00296773 3.5025e-06 0.238351 7.97264e-07 0.724294
0.172917  1546.36 0.0243863 0.00389069 0.00436599 0.000835585 0.0029829 2.93438e-06 0.23921 7.88467e-07 0.724325
0.173958  1553.18 0.0243772 0.00385992 0.00380115 0.00080237 0.00299674 2.5421e-06 0.239812 7.81669e-07 0.724347
0.175  1560 0.0243682 0.00382916 0.00323631 0.000769154 0.00301059 2.14982e-06 0.240415 7.74871e-07 0.724369
0.176042  1566.27 0.0243733 0.00379659 0.00283922 0.000744103 0.00302311 1.87897e-06 0.240837 7.69393e-07 0.724384
0.177083  1572.54 0.0243784 0.00376402 0.00244214 0.000719051 0.00303563 1.60812e-06 0.241258 7.63916e-07 0.7244
0.178125  1578.35 0.024393 0.0037307 0.002163 0.000699874 0.00304678 1.42074e-06 0.241553 7.59259e-07 0.724411
0.179167  1584.17 0.0244075 0.00369739 0.00188387 0.000680697 0.00305793 1.23336e-06 0.241848 7.54603e-07 0.724422
0.180208  1589.59 0.024428 0.00366405 0.00168733 0.000665675 0.00306769 1.1032e-06 0.242055 7.50417e-07 0.72443
0.18125  1595.02 0.0244485 0.0036307 0.00149079 0.000650652 0.00307745 9.73037e-07 0.242262 7.46231e-07 0.724438
0.182292  1600.12 0.0244727 0.00359779 0.00135195 0.000638541 0.00308583 8.82069e-07 0.242408 7.42282e-07 0.724444
0.183333  1605.21 0.0244969 0.00356488 0.0012131 0.00062643 0.00309421 7.91101e-07 0.242554 7.38332e-07 0.724449
0.184375  1610.01 0.0245231 0.0035327 0.0011145 0.000616353 0.00310126 7.26981e-07 0.242657 7.34468e-07 0.724454
0.185417  1614.81 0.0245494 0.00350052 0.0010159 0.000606277 0.00310831 6.62862e-07 0.242761 7.30605e-07 0.724458
0.186458  1619.36 0.0245766 0.00346924 0.000945354 0.000597627 0.00311411 6.1716e-07 0.242835 7.26736e-07 0.724461
0.1875  1623.9 0.0246039 0.00343796 0.000874808 0.000588976 0.00311991 5.71459e-07 0.24291 7.22867e-07 0.724464
0.188542  1628.22 0.0246314 0.00340768 0.000823831 0.000581337 0.00312454 5.38422e-07 0.242964 7.18943e-07 0.724466
0.189583  1632.53 0.0246589 0.0033774 0.000772853 0.000573697 0.00312917 5.05384e-07 0.243019 7.15018e-07 0.724468
0.190625  1636.64 0.0246862 0.00334816 0.000735534 0.000566783 0.00313273 4.81081e-07 0.24306 7.11014e-07 0.724469
0.191667  1640.74 0.0247136 0.00331892 0.000698214 0.00055987 0.00313629 4.56778e-07 0.243101 7.07009e-07 0.724471
0.192708  1644.66 0.0247404 0.00329071 0.000670441 0.00055349 0.00313886 4.38523e-07 0.243133 7.02917e-07 0.724472
0.19375  1648.57 0.0247673 0.00326251 0.000642667 0.000547111 0.00314144 4.20267e-07 0.243164 6.98824e-07 0.724473
0.194792  1652.32 0.0247935 0.00323534 0.000621565 0.000541134 0.00314312 4.06213e-07 0.24319 6.94647e-07 0.724474
0.195833  1656.06 0.0248196 0.00320816 0.000600462 0.000535157 0.00314481 3.92158e-07 0.243216 6.90469e-07 0.724475
0.196875  1659.64 0.0248451 0.00318198 0.000583992 0.000529493 0.00314569 3.81016e-07 0.243237 6.86215e-07 0.724476
0.197917  1663.22 0.0248705 0.00315579 0.000567522 0.000523829 0.00314656 3.69875e-07 0.243258 6.81961e-07 0.724476
0.198958  1666.66 0.0248951 0.00313057 0.000554158 0.000518413 0.00314672 3.60704e-07 0.243277 6.77646e-07 0.724477
0.2  1670.09 0.0249196 0.00310534 0.000540794 0.000512997 0.00314688 3.51533e-07 0.243296 6.73331e-07 0.724477
0.20625  1687.89 0.0250496 0.00297288 0.000497147 0.00048459 0.00313574 3.19583e-07 0.24338 6.46988e-07 0.724479
0.2125  1705.69 0.0251796 0.00284042 0.0004535 0.000456183 0.00312459 2.87634e-07 0.243464 6.20645e-07 0.724481
0.21875  1720.16 0.0252854 0.00273179 0.000425641 0.00043227 0.0031006 2.67118e-07 0.243542 5.94726e-07 0.724482
0.225  1734.62 0.0253912 0.00262316 0.000397783 0.000408358 0.0030766 2.46603e-07 0.243619 5.68807e-07 0.724483
0.23125  1746.67 0.0254789 0.00253216 0.000376098 0.000388027 0.00304571 2.31053e-07 0.243695 5.44531e-07 0.724483
0.2375  1758.72 0.0255667 0.00244115 0.000354414 0.000367696 0.00301483 2.15504e-07 0.24377 5.20256e-07 0.724484
0.24375  1768.95 0.0256409 0.00236355 0.000336443 0.000350304 0.00298045 2.03016e-07 0.243843 4.98087e-07 0.724485
0.25  1779.18 0.0257151 0.00228594 0.000318472 0.000332912 0.00294607 1.90529e-07 0.243916 4.75918e-07 0.724485
0.25625  1788 0.0257788 0.0022188 0.00030325 0.00031794 0.00291019 1.80243e-07 0.243985 4.5593e-07 0.724485
0.2625  1796.81 0.0258425 0.00215166 0.000288029 0.000302967 0.00287431 1.69957e-07 0.244054 4.35943e-07 0.724486
0.26875  1804.5 0.0258979 0.00209287 0.000274987 0.000289993 0.00283812 1.61351e-07 0.24412 4.18034e-07 0.724486
0.275  1812.2 0.0259533 0.00203408 0.000261946 0.000277018 0.00280192 1.52746e-07 0.244185 4.00126e-07 0.724486
0.28125  1818.98 0.026002 0.00198208 0.000250678 0.000265703 0.00276612 1.45457e-07 0.244246 3.84119e-07 0.724487
0.2875  1825.76 0.0260507 0.00193008 0.000239409 0.000254387 0.00273031 1.38169e-07 0.244308 3.68113e-07 0.724487
0.29375  1831.79 0.026094 0.00188369 0.000229599 0.000244455 0.00269531 1.31934e-07 0.244366 3.5381e-07 0.724487
0.3  1837.83 0.0261373 0.00183729 0.000219789 0.000234523 0.00266031 1.25699e-07 0.244423 3.39507e-07 0.724487
0.309375  1845.71 0.0261937 0.00177645 0.00020732 0.000221789 0.00260999 1.17918e-07 0.244503 3.20881e-07 0.724487
0.31875  1853.6 0.0262501 0.00171561 0.000194851 0.000209056 0.00255966 1.10138e-07 0.244583 3.02255e-07 0.724487
0.328125  1860.4 0.0262987 0.00166302 0.000184474 0.000198365 0.00251207 1.03786e-07 0.244655 2.86422e-07 0.724488
0.3375  1867.19 0.0263472 0.00161042 0.000174097 0.000187674 0.00246447 9.74344e-08 0.244728 2.70589e-07 0.724488
0.346875  1873.12 0.0263895 0.00156442 0.000165359 0.000178603 0.00241969 9.21737e-08 0.244794 2.57056e-07 0.724488
0.35625  1879.05 0.0264317 0.00151842 0.000156621 0.000169532 0.00237492 8.6913e-08 0.24486 2.43524e-07 0.724488
0.365625  1884.26 0.0264689 0.00147776 0.000149187 0.000161754 0.0023328 8.25017e-08 0.244921 2.31885e-07 0.724488
0.375  1889.48 0.0265061 0.00143709 0.000141753 0.000153976 0.00229069 7.80904e-08 0.244982 2.20247e-07 0.724488
0.403125  1901.8 0.0265937 0.0013407 0.000125288 0.00013658 0.00218152 6.85364e-08 0.245134 1.94192e-07 0.724488
0.43125  1914.13 0.0266814 0.0012443 0.000108823 0.000119184 0.00207236 5.89823e-08 0.245285 1.68137e-07 0.724489
0.459375  1923.32 0.0267468 0.00117181 9.76098e-05 0.000107197 0.00198136 5.26593e-08 0.245406 1.50313e-07 0.724489
0.4875  1932.52 0.0268122 0.00109932 8.63966e-05 9.52095e-05 0.00189037 4.63364e-08 0.245528 1.32489e-07 0.724489
0.529688  1942.65 0.026884 0.00101939 7.53227e-05 8.32473e-05 0.00178125 4.02436e-08 0.245668 1.14924e-07 0.724489
0.571875  1952.79 0.0269558 0.000939459 6.42487e-05 7.12851e-05 0.00167214 3.41508e-08 0.245808 9.73586e-08 0.724489
0.614063  1960.2 0.0270084 0.000880542 5.7014e-05 6.33933e-05 0.00158557 3.02594e-08 0.245916 8.5989e-08 0.724489
0.65625  1967.6 0.0270609 0.000821625 4.97794e-05 5.55014e-05 0.00149899 2.63681e-08 0.246024 7.46194e-08 0.724489
0.719531  1975.66 0.0271179 0.0007577 4.28799e-05 4.79159e-05 0.00139933 2.27223e-08 0.246145 6.38989e-08 0.724489
0.782813  1983.72 0.0271749 0.000693775 3.59803e-05 4.03303e-05 0.00129966 1.90765e-08 0.246266 5.31784e-08 0.724489
0.846094  1989.44 0.0272155 0.000647901 3.16719e-05 3.55515e-05 0.00122425 1.6832e-08 0.246356 4.65782e-08 0.724489
0.909375  1995.17 0.0272561 0.000602027 2.73634e-05 3.07728e-05 0.00114884 1.45874e-08 0.246446 3.99779e-08 0.724489
1.09922  2005.12 0.0273268 0.000521806 2.11713e-05 2.38531e-05 0.0010093 1.13949e-08 0.246608 3.06841e-08 0.724489
1.28906  2015.08 0.0273976 0.000441585 1.49791e-05 1.69333e-05 0.000869752 8.20245e-09 0.24677 2.13902e-08 0.724489
1.57383  2022.7 0.0274517 0.000380081 1.1435e-05 1.29483e-05 0.000756165 6.37357e-09 0.246899 1.62259e-08 0.724489
1.85859  2030.33 0.0275058 0.000318576 7.89088e-06 8.96319e-06 0.000642578 4.5447e-09 0.247027 1.10615e-08 0.724489
2.28574  2035.77 0.0275445 0.000274321 6.01864e-06 6.84665e-06 0.00055723 3.5553e-09 0.247122 8.40036e-09 0.724489
2.71289  2041.21 0.0275833 0.000230067 4.14641e-06 4.73012e-06 0.000471882 2.5659e-09 0.247217 5.73918e-09 0.724489
3.99434  2050.38 0.0276481 0.000156286 1.92809e-06 2.2044e-06 0.000325059 1.33018e-09 0.247377 2.63674e-09 0.724489
5.9165  2050.38 0.0276481 0.000156286 1.92809e-06 2.2044e-06 0.000325059 1.33018e-09 0.247377 2.63674e-09 0.724489
8.79976  2050.38 0.0276481 0.000156286 1.92809e-06 2.2044e-06 0.000325059 1.33018e-09 0.247377 2.63674e-09 0.724489
13.1246  2050.38 0.0276481 0.000156286 1.92809e-06 2.2044e-06 0.000325059 1.33018e-09 0.247377 2.63674e-09 0.724489
19.612  2050.38 0.0276481 0.000156286 1.92809e-06 2.2044e-06 0.000325059 1.33018e-09 0.247377 2.63674e-09 0.724489
