M = 0.238603
rho = 0.000505692
v = 471.836
