M = 0.269327
rho = 0.000462139
v = 582.784
T = 2235.66
