M = 0.187513
rho = 0.000491388
v = 381.599
T = 1895.88
