M = 0.313821
rho = 0.000436456
v = 719.021
T = 2463.83
