M = 0.313751
rho = 0.000344048
v = 911.94
T = 2296.65
