M = 0.321336
rho = 0.000351299
v = 914.708
T = 2331.36
