M = 0.341269
rho = 0.00038414
v = 888.395
T = 2474.07
