M = 0.342051
rho = 0.000393466
v = 869.327
T = 2506.94
