M = 0.187507
rho = 0.000491388
v = 381.587
T = 1897.96
