M = 0.335568
rho = 0.000413726
v = 811.087
T = 2549.32
