M = 0.313818
rho = 0.000344048
v = 912.135
T = 2308.62
