M = 0.334037
rho = 0.000366895
v = 910.443
T = 2411.28
