M = 0.327049
rho = 0.000424755
v = 769.971
T = 2529.7
