M = 0.342165
rho = 0.000393466
v = 869.617
T = 2511.86
