M = 0.340396
rho = 0.000403313
v = 844
T = 2537.93
