M = 0.247132
rho = 0.000538673
v = 458.779
T = 2305.85
