M = 0.181003
rho = 0.000571527
v = 316.701
T = 2004.54
