M = 0.21852
rho = 0.000554566
v = 394.038
T = 2168.23
