M = 0.27947
rho = 0.000412857
v = 676.917
T = 2226.26
