M = 0.283758
rho = 0.000509706
v = 556.71
T = 2480.12
