M = 0.30395
rho = 0.00047216
v = 643.744
T = 2450.32
