M = 0.298381
rho = 0.000440274
v = 677.718
T = 2336.97
