M = 0.304188
rho = 0.000460969
v = 659.888
T = 2413.58
