M = 0.293049
rho = 0.000430687
v = 680.423
T = 2299.02
