M = 0.13347
rho = 0.000589666
v = 226.348
T = 1818.8
