M = 0.218528
rho = 0.000554566
v = 394.051
T = 2171.57
