M = 0.268496
rho = 0.000523748
v = 512.644
T = 2417.66
