M = 0.283841
rho = 0.000509706
v = 556.873
T = 2485.17
