M = 0.293086
rho = 0.000430687
v = 680.509
T = 2308.69
