M = 0.25222
rho = 0.00042119
v = 598.828
T = 1973.06
