M = 0.294541
rho = 0.000408234
v = 721.501
T = 2150.29
