M = 0.325063
rho = 0.000396119
v = 820.621
T = 2300.4
