M = 0.378169
rho = 0.000354622
v = 1066.4
T = 2588.19
