M = 0.379272
rho = 0.000329263
v = 1151.88
T = 2530.73
