M = 0.370118
rho = 0.000314481
v = 1176.92
T = 2465.26
