M = 0.363633
rho = 0.000307633
v = 1182.03
T = 2431.41
