M = 0.372059
rho = 0.000364076
v = 1021.93
T = 2567.76
