M = 0.38128
rho = 0.000337257
v = 1130.53
T = 2559.6
