M = 0.356255
rho = 0.000301113
v = 1183.13
T = 2397.69
