M = 0.375434
rho = 0.000321682
v = 1167.1
T = 2498.68
