M = 0.252254
rho = 0.00042119
v = 598.908
T = 1976.18
