M = 0.362162
rho = 0.000374105
v = 968.073
T = 2516.78
