M = 0.294618
rho = 0.000408234
v = 721.689
T = 2154.7
