M = 0.325182
rho = 0.000396119
v = 820.92
T = 2305.41
