M = 0.356332
rho = 0.000301113
v = 1183.38
T = 2409.11
