M = 0.381402
rho = 0.000337257
v = 1130.9
T = 2564.39
