M = 0.375534
rho = 0.000321682
v = 1167.41
T = 2505.67
