M = 0.348293
rho = 0.000294898
v = 1181.06
T = 2377.14
