M = 0.363718
rho = 0.000307633
v = 1182.31
T = 2441.39
