M = 0.362001
rho = 0.000374105
v = 967.645
T = 2511.97
