M = 0.346896
rho = 0.000384766
v = 901.577
T = 2421.72
