M = 0.381063
rho = 0.000345697
v = 1102.3
T = 2581.42
