M = 0.348218
rho = 0.000294898
v = 1180.81
T = 2364.45
