M = 0.346996
rho = 0.000384766
v = 901.835
T = 2426.73
