M = 0.372552
rho = 0.000364076
v = 1023.28
T = 2572.34
