M = 0.378334
rho = 0.000354622
v = 1066.86
T = 2592.49
