M = 0.370212
rho = 0.000314481
v = 1177.22
T = 2473.73
