M = 0.381209
rho = 0.000345697
v = 1102.73
T = 2585.73
