M = 0.379382
rho = 0.000329263
v = 1152.22
T = 2536.45
