M = 0.0909066
rho = 0.000737082
v = 123.333
T = 1735.62
