M = 0.174053
rho = 0.000693208
v = 251.083
T = 2098.3
