M = 0.204256
rho = 0.000673341
v = 303.348
T = 2243.72
