M = 0.135985
rho = 0.000714409
v = 190.346
T = 1928.37
