M = 0.227283
rho = 0.000654685
v = 347.164
T = 2359.26
