M = 0.268183
rho = 0.0005902
v = 454.393
T = 2389.82
