M = 0.267722
rho = 0.000562943
v = 475.576
T = 2308.65
