M = 0.264235
rho = 0.000550342
v = 480.129
T = 2268.21
