M = 0.264033
rho = 0.00060497
v = 436.44
T = 2426.11
