M = 0.25919
rho = 0.000538359
v = 481.444
T = 2228.78
