M = 0.246068
rho = 0.000516072
v = 476.81
T = 2154.13
