M = 0.244371
rho = 0.000637132
v = 383.548
T = 2433.12
