M = 0.253144
rho = 0.000526949
v = 480.396
T = 2191.04
