M = 0.256336
rho = 0.000620589
v = 413.053
T = 2449.33
