M = 0.269176
rho = 0.000576211
v = 467.148
T = 2349.5
