M = 0.238556
rho = 0.000505692
v = 471.741
T = 2118.86
