M = 0.173966
rho = 0.000693208
v = 250.957
T = 2100.72
