M = 0.204236
rho = 0.000673341
v = 303.318
T = 2247.19
