M = 0.135875
rho = 0.000714409
v = 190.192
T = 1929.9
