M = 0.0908018
rho = 0.000737082
v = 123.191
T = 1736.46
