M = 0.227307
rho = 0.000654685
v = 347.2
T = 2363.74
