M = 0.264066
rho = 0.00060497
v = 436.494
T = 2430.56
