M = 0.269211
rho = 0.000576211
v = 467.21
T = 2355.64
