M = 0.268213
rho = 0.0005902
v = 454.445
T = 2394.87
