M = 0.244423
rho = 0.000637132
v = 383.629
T = 2438.44
