M = 0.267753
rho = 0.000562943
v = 475.631
T = 2315.97
