M = 0.246166
rho = 0.000516072
v = 476.999
T = 2164.4
