M = 0.253206
rho = 0.000526949
v = 480.513
T = 2200.84
