M = 0.256374
rho = 0.000620589
v = 413.114
T = 2454.12
