M = 0.259237
rho = 0.000538359
v = 481.532
T = 2238.09
