M = 0.264277
rho = 0.000550342
v = 480.204
T = 2276.64
