M = 0.238644
rho = 0.000505692
v = 471.917
T = 2129.32
