M = 0.060118
rho = 0.000982776
v = 61.1716
T = 1654.8
