M = 0.10026
rho = 0.000952545
v = 105.254
T = 1854.8
