M = 0.167461
rho = 0.000897788
v = 186.527
T = 2181.92
