M = 0.136858
rho = 0.000924277
v = 148.07
T = 2029.46
