M = 0.191392
rho = 0.000872913
v = 219.256
T = 2305
