M = 0.237593
rho = 0.000768281
v = 309.252
T = 2282.54
