M = 0.233123
rho = 0.000733789
v = 317.698
T = 2197.83
