M = 0.204593
rho = 0.00084951
v = 240.836
T = 2323.89
