M = 0.236381
rho = 0.000750591
v = 314.927
T = 2239.41
