M = 0.222523
rho = 0.000827452
v = 268.926
T = 2396
