M = 0.231188
rho = 0.000806626
v = 286.612
T = 2366.17
