M = 0.209452
rho = 0.00084951
v = 246.556
T = 2383.78
