M = 0.204477
rho = 0.00084951
v = 240.7
T = 2385.21
