M = 0.221905
rho = 0.000702598
v = 315.834
T = 2117.85
