M = 0.0450204
rho = 0.00122632
v = 36.7116
T = 2260.25
