M = 0.204494
rho = 0.00084951
v = 240.72
T = 2385.09
