M = 0.214943
rho = 0.000688096
v = 312.374
T = 2080.37
