M = 0.236033
rho = 0.000786933
v = 299.94
T = 2325.51
