M = 0.228132
rho = 0.000717811
v = 317.816
T = 2157.18
