M = 0.100192
rho = 0.000952545
v = 105.183
T = 1855.48
