M = 0.0618903
rho = 0.000982776
v = 62.975
T = 1665.97
