M = 0.167354
rho = 0.000897788
v = 186.407
T = 2184.71
