M = 0.191318
rho = 0.000872913
v = 219.172
T = 2309.22
