M = 0.136764
rho = 0.000924277
v = 147.969
T = 2030.95
