M = 0.236351
rho = 0.000750591
v = 314.887
T = 2246.78
