M = 0.204463
rho = 0.00084951
v = 240.683
T = 2391.18
