M = 0.214983
rho = 0.000688096
v = 312.433
T = 2089.74
