M = 0.0450246
rho = 0.00122632
v = 36.7151
T = 2265.77
