M = 0.204439
rho = 0.00084951
v = 240.656
T = 2391.21
