M = 0.237551
rho = 0.000768281
v = 309.198
T = 2288.89
