M = 0.221928
rho = 0.000702598
v = 315.868
T = 2127.02
