M = 0.209426
rho = 0.00084951
v = 246.526
T = 2389.55
