M = 0.23599
rho = 0.000786933
v = 299.885
T = 2330.84
