M = 0.222505
rho = 0.000827452
v = 268.904
T = 2401.07
