M = 0.222675
rho = 0.00084951
v = 262.122
T = 2060.25
