M = 0.231154
rho = 0.000806626
v = 286.569
T = 2370.82
