M = 0.167327
rho = 0.000897788
v = 186.377
T = 2185.51
