M = 0.191299
rho = 0.000872913
v = 219.15
T = 2310.58
