M = 0.13674
rho = 0.000924277
v = 147.942
T = 2031.58
