M = 0.0618764
rho = 0.000982776
v = 62.9609
T = 1666.15
