M = 0.100169
rho = 0.000952545
v = 105.159
T = 1855.79
