M = 0.0450278
rho = 0.00122632
v = 36.7177
T = 2267.64
