M = 0.209418
rho = 0.00084951
v = 246.516
T = 2391.42
