M = 0.231145
rho = 0.000806626
v = 286.558
T = 2372.21
