M = 0.222499
rho = 0.000827452
v = 268.897
T = 2402.51
