M = 0.233102
rho = 0.000733789
v = 317.668
T = 2205.72
