M = 0.228127
rho = 0.000717811
v = 317.809
T = 2165.65
