M = 0.235977
rho = 0.000786933
v = 299.87
T = 2332.69
