M = 0.236335
rho = 0.000750591
v = 314.866
T = 2250.62
