M = 0.237539
rho = 0.000768281
v = 309.183
T = 2291.63
