M = 0.214986
rho = 0.000688096
v = 312.436
T = 2097.39
