M = 0.221929
rho = 0.000702598
v = 315.869
T = 2134.03
