TITLE="Graphics"
VARIABLES= "x", "T0", "Y_H2_0", 
"Y_H_0", "Y_O2_0", "Y_O_0", "Y_OH_0", "Y_HO2_0", "Y_H2O_0", "Y_H2O2_0", "Y_N2_0"
-2.0 700.0 0.02851109 7.29374e-20 0.2262768 1.289895e-20 2.044975e-21 2.280894e-16 2.840601e-18 4.115725e-19 0.7452121
-1.0 700.0 0.02851109 1.190201e-17 0.2262768 7.530793e-18 1.215623e-18 2.039202e-13 2.053925e-15 3.70284e-16 0.7452121
-0.1 700.0 0.02851109 2.640059e-17 0.2262768 2.610441e-17 3.544629e-18 3.113176e-12 1.206505e-13 6.125231e-15 0.7452121
0.0 700.0 0.02851109 2.742471e-14 0.2262768 3.010396e-14 3.964348e-15 1.335185e-10 4.695251e-12 4.519971e-14 0.7452121
0.03 700.0 0.02851109 2.252273e-12 0.2262768 1.946332e-12 2.787465e-13 2.034821e-09 6.192903e-11 3.251999e-13 0.7452121
0.0588 700.0003 0.02851105 9.167505e-11 0.2262768 6.274108e-11 9.922993e-12 3.720176e-08 1.02223e-09 4.92419e-12 0.7452122
0.06 700.0004 0.02851104 1.718828e-10 0.2262767 9.225571e-11 1.580124e-11 4.567897e-08 1.298069e-09 6.507776e-12 0.7452122
0.075 700.0053 0.02851069 3.352979e-09 0.2262762 2.067529e-09 3.847738e-10 7.584789e-07 2.278879e-08 1.602947e-10 0.7452124
0.0825 700.017 0.02850995 1.942159e-08 0.2262746 9.163041e-09 2.489421e-09 2.536957e-06 8.490582e-08 6.775499e-10 0.7452128
0.08625 700.0321 0.028509 5.16158e-08 0.2262726 2.008612e-08 7.826409e-09 4.7826e-06 1.839896e-07 1.501602e-09 0.7452133
0.088125 700.0454 0.02850815 8.623872e-08 0.2262709 3.027381e-08 1.4932e-08 6.671455e-06 2.88428e-07 2.331614e-09 0.7452138
0.0890625 700.0548 0.02850756 1.12163e-07 0.2262698 3.751157e-08 2.118994e-08 7.948322e-06 3.718534e-07 2.973403e-09 0.7452141
0.09 700.0669 0.02850683 1.460667e-07 0.2262684 4.684456e-08 3.059925e-08 9.556644e-06 4.911027e-07 3.876361e-09 0.7452145
0.09046875 700.0742 0.02850638 1.669186e-07 0.2262675 5.24769e-08 3.704686e-08 1.050715e-05 5.698111e-07 4.462611e-09 0.7452148
0.0909375 700.0826 0.02850589 1.908518e-07 0.2262665 5.89138e-08 4.50991e-08 1.158307e-05 6.661265e-07 5.174899e-09 0.745215
0.09140625 700.0923 0.02850533 2.183117e-07 0.2262654 6.625675e-08 5.515321e-08 1.279877e-05 7.84041e-07 6.04071e-09 0.7452153
0.091875 700.1033 0.02850469 2.498073e-07 0.2262642 7.461754e-08 6.770406e-08 1.416925e-05 9.284073e-07 7.092829e-09 0.7452157
0.09210937 700.1095 0.02850434 2.672868e-07 0.2262635 7.922552e-08 7.514495e-08 1.491827e-05 1.012716e-06 7.703294e-09 0.7452158
0.09234375 700.1161 0.02850398 2.860246e-07 0.2262627 8.415533e-08 8.351291e-08 1.571631e-05 1.106705e-06 8.38196e-09 0.745216
0.09257812 700.1231 0.02850358 3.061091e-07 0.2262619 8.942777e-08 9.292389e-08 1.656634e-05 1.211501e-06 9.136636e-09 0.7452162
0.0928125 700.1308 0.02850316 3.276348e-07 0.2262611 9.506489e-08 1.035087e-07 1.747148e-05 1.328356e-06 9.975978e-09 0.7452164
0.09304688 700.139 0.02850272 3.50703e-07 0.2262602 1.0109e-07 1.154148e-07 1.843494e-05 1.458662e-06 1.090956e-08 0.7452166
0.09328125 700.1478 0.02850224 3.754216e-07 0.2262592 1.075277e-07 1.288079e-07 1.946009e-05 1.603966e-06 1.194798e-08 0.7452169
0.09351562 700.1573 0.02850174 4.01906e-07 0.2262581 1.144042e-07 1.438747e-07 2.055042e-05 1.765984e-06 1.310293e-08 0.7452171
0.09375 700.1675 0.02850121 4.302798e-07 0.226257 1.217468e-07 1.608244e-07 2.170952e-05 1.946622e-06 1.438726e-08 0.7452174
0.09398438 700.1785 0.02850064 4.606747e-07 0.2262558 1.295846e-07 1.798918e-07 2.294111e-05 2.147989e-06 1.581516e-08 0.7452177
0.09421875 700.1904 0.02850003 4.932315e-07 0.2262546 1.379482e-07 2.013395e-07 2.4249e-05 2.372422e-06 1.740217e-08 0.7452179
0.09445312 700.2031 0.02849939 5.281006e-07 0.2262532 1.468699e-07 2.254616e-07 2.563706e-05 2.622507e-06 1.916531e-08 0.7452182
0.0946875 700.2168 0.0284987 5.654426e-07 0.2262517 1.563834e-07 2.525858e-07 2.710922e-05 2.901102e-06 2.11232e-08 0.7452186
0.09492188 700.2315 0.02849797 6.054288e-07 0.2262502 1.665245e-07 2.830775e-07 2.866947e-05 3.21136e-06 2.329616e-08 0.7452189
0.09503906 700.2393 0.02849759 6.26482e-07 0.2262494 1.718444e-07 2.997387e-07 2.94841e-05 3.379668e-06 2.447157e-08 0.7452191
0.09515625 700.2474 0.0284972 6.48273e-07 0.2262485 1.773413e-07 3.174331e-07 3.032346e-05 3.557621e-06 2.571247e-08 0.7452192
0.09527344 700.2558 0.02849679 6.708269e-07 0.2262476 1.830205e-07 3.362236e-07 3.118819e-05 3.745762e-06 2.702243e-08 0.7452194
0.09539063 700.2645 0.02849637 6.941696e-07 0.2262467 1.888879e-07 3.561764e-07 3.207894e-05 3.944663e-06 2.840516e-08 0.7452196
0.09550781 700.2736 0.02849594 7.183281e-07 0.2262458 1.949493e-07 3.77362e-07 3.299636e-05 4.154927e-06 2.986458e-08 0.7452198
0.095625 700.283 0.02849549 7.433299e-07 0.2262448 2.012107e-07 3.998547e-07 3.394111e-05 4.377188e-06 3.140478e-08 0.74522
0.09585937 700.3029 0.02849456 7.959496e-07 0.2262428 2.143521e-07 4.489982e-07 3.591466e-05 4.859703e-06 3.474045e-08 0.7452204
0.09597656 700.3135 0.02849407 8.236444e-07 0.2262417 2.212403e-07 4.758243e-07 3.694321e-05 5.121231e-06 3.654231e-08 0.7452206
0.09609375 700.3244 0.02849357 8.523025e-07 0.2262406 2.283537e-07 5.042945e-07 3.80016e-05 5.397572e-06 3.844266e-08 0.7452208
0.09621094 700.3357 0.02849305 8.819564e-07 0.2262394 2.356991e-07 5.345063e-07 3.90905e-05 5.689539e-06 4.044658e-08 0.745221
0.09632813 700.3475 0.02849252 9.126399e-07 0.2262382 2.432836e-07 5.665628e-07 4.02106e-05 5.997987e-06 4.255939e-08 0.7452213
0.09644531 700.3598 0.02849196 9.443875e-07 0.226237 2.511145e-07 6.005726e-07 4.136259e-05 6.323813e-06 4.478667e-08 0.7452215
0.0965625 700.3725 0.02849139 9.772349e-07 0.2262357 2.591993e-07 6.366506e-07 4.254713e-05 6.66796e-06 4.713421e-08 0.7452217
0.09667969 700.3857 0.02849081 1.011219e-06 0.2262344 2.675458e-07 6.749179e-07 4.376493e-05 7.03142e-06 4.960808e-08 0.745222
0.09679688 700.3995 0.0284902 1.046378e-06 0.2262331 2.761618e-07 7.155022e-07 4.501666e-05 7.415233e-06 5.221459e-08 0.7452222
0.09691406 700.4137 0.02848958 1.082752e-06 0.2262316 2.850556e-07 7.58538e-07 4.6303e-05 7.82049e-06 5.496033e-08 0.7452225
0.09703125 700.4285 0.02848893 1.12038e-06 0.2262302 2.942354e-07 8.041673e-07 4.762463e-05 8.248338e-06 5.785216e-08 0.7452227
0.09714844 700.4439 0.02848827 1.159304e-06 0.2262287 3.037101e-07 8.525393e-07 4.898223e-05 8.699978e-06 6.08972e-08 0.745223
0.09726562 700.4599 0.02848759 1.199569e-06 0.2262271 3.134884e-07 9.038114e-07 5.037647e-05 9.176672e-06 6.41029e-08 0.7452233
0.09738281 700.4765 0.02848688 1.241218e-06 0.2262255 3.235795e-07 9.58149e-07 5.1808e-05 9.679739e-06 6.747696e-08 0.7452235
0.0975 700.4937 0.02848616 1.284297e-06 0.2262238 3.339928e-07 1.015726e-06 5.327748e-05 1.021057e-05 7.102741e-08 0.7452238
0.09761719 700.5116 0.02848541 1.328853e-06 0.2262221 3.447379e-07 1.076726e-06 5.478555e-05 1.077061e-05 7.476258e-08 0.7452241
0.09773438 700.5302 0.02848464 1.374936e-06 0.2262203 3.558249e-07 1.14134e-06 5.633285e-05 1.136137e-05 7.869109e-08 0.7452244
0.09785156 700.5495 0.02848384 1.422596e-06 0.2262185 3.67264e-07 1.209771e-06 5.791999e-05 1.198446e-05 8.28219e-08 0.7452247
0.09796875 700.5695 0.02848302 1.471885e-06 0.2262166 3.790658e-07 1.282231e-06 5.954757e-05 1.264154e-05 8.71643e-08 0.745225
0.09808594 700.5904 0.02848218 1.522855e-06 0.2262146 3.91241e-07 1.358943e-06 6.121618e-05 1.333435e-05 9.172786e-08 0.7452253
0.09820313 700.612 0.02848131 1.575564e-06 0.2262126 4.038009e-07 1.440138e-06 6.292639e-05 1.406471e-05 9.652253e-08 0.7452256
0.09832031 700.6344 0.02848041 1.630066e-06 0.2262105 4.16757e-07 1.526063e-06 6.467874e-05 1.483453e-05 1.015586e-07 0.7452259
0.0984375 700.6578 0.02847948 1.686422e-06 0.2262083 4.301212e-07 1.616973e-06 6.647375e-05 1.564579e-05 1.068465e-07 0.7452263
0.09855469 700.682 0.02847853 1.744691e-06 0.226206 4.439056e-07 1.713137e-06 6.831193e-05 1.650058e-05 1.123974e-07 0.7452266
0.09867188 700.7071 0.02847755 1.804935e-06 0.2262037 4.581228e-07 1.814835e-06 7.019374e-05 1.740108e-05 1.182224e-07 0.7452269
0.09878906 700.7332 0.02847654 1.867219e-06 0.2262013 4.727858e-07 1.922362e-06 7.211963e-05 1.834954e-05 1.243331e-07 0.7452273
0.09890625 700.7604 0.0284755 1.93161e-06 0.2261988 4.879079e-07 2.036023e-06 7.408999e-05 1.934834e-05 1.307415e-07 0.7452276
0.09902344 700.7885 0.02847442 1.998174e-06 0.2261963 5.035029e-07 2.156139e-06 7.610521e-05 2.039994e-05 1.374599e-07 0.745228
0.09914063 700.8177 0.02847332 2.066982e-06 0.2261936 5.195849e-07 2.283046e-06 7.816563e-05 2.150691e-05 1.445007e-07 0.7452284
0.09925781 700.8481 0.02847218 2.138106e-06 0.2261909 5.361687e-07 2.417092e-06 8.027154e-05 2.267195e-05 1.51877e-07 0.7452287
0.099375 700.8796 0.02847101 2.211621e-06 0.2261881 5.532692e-07 2.558643e-06 8.242319e-05 2.389783e-05 1.596019e-07 0.7452291
0.09949219 700.9123 0.0284698 2.287603e-06 0.2261851 5.70902e-07 2.708076e-06 8.462081e-05 2.518748e-05 1.67689e-07 0.7452295
0.09960938 700.9463 0.02846856 2.366131e-06 0.2261821 5.890831e-07 2.865787e-06 8.686454e-05 2.654392e-05 1.761521e-07 0.7452299
0.09972656 700.9815 0.02846728 2.447286e-06 0.226179 6.078292e-07 3.032188e-06 8.915452e-05 2.797029e-05 1.850054e-07 0.7452303
0.09984375 701.0181 0.02846596 2.531152e-06 0.2261758 6.271572e-07 3.207706e-06 9.149079e-05 2.946988e-05 1.942633e-07 0.7452307
0.09996094 701.0561 0.0284646 2.617815e-06 0.2261725 6.470849e-07 3.392785e-06 9.387336e-05 3.104609e-05 2.039404e-07 0.7452311
0.1000781 701.0955 0.0284632 2.707363e-06 0.2261691 6.676304e-07 3.587886e-06 9.630219e-05 3.270245e-05 2.140516e-07 0.7452316
0.1001953 701.1364 0.02846176 2.799887e-06 0.2261655 6.888126e-07 3.793488e-06 9.877716e-05 3.444265e-05 2.246121e-07 0.745232
0.1003125 701.1788 0.02846028 2.895482e-06 0.2261619 7.106509e-07 4.010086e-06 0.0001012981 3.627049e-05 2.356374e-07 0.7452324
0.1004297 701.2228 0.02845876 2.994243e-06 0.2261581 7.331654e-07 4.238196e-06 0.0001038647 3.818992e-05 2.471428e-07 0.7452329
0.1005469 701.2685 0.02845719 3.09627e-06 0.2261542 7.56377e-07 4.478348e-06 0.0001064768 4.020505e-05 2.591443e-07 0.7452333
0.1006641 701.3159 0.02845557 3.201665e-06 0.2261502 7.803069e-07 4.731092e-06 0.0001091339 4.232013e-05 2.716576e-07 0.7452338
0.1007813 701.365 0.02845391 3.310533e-06 0.2261461 8.049776e-07 4.996996e-06 0.0001118356 4.453957e-05 2.846988e-07 0.7452343
0.1008984 701.416 0.0284522 3.422982e-06 0.2261418 8.304119e-07 5.276647e-06 0.0001145813 4.686791e-05 2.982839e-07 0.7452347
0.1010156 701.4689 0.02845044 3.539123e-06 0.2261374 8.566337e-07 5.570649e-06 0.0001173704 4.930988e-05 3.124292e-07 0.7452352
0.1011328 701.5238 0.02844863 3.659071e-06 0.2261328 8.836676e-07 5.879626e-06 0.0001202023 5.187034e-05 3.271509e-07 0.7452357
0.10125 701.5806 0.02844676 3.782942e-06 0.2261282 9.11539e-07 6.204216e-06 0.0001230761 5.455436e-05 3.42465e-07 0.7452362
0.1013672 701.6396 0.02844485 3.910858e-06 0.2261233 9.402745e-07 6.545081e-06 0.0001259911 5.736713e-05 3.583878e-07 0.7452367
0.1014844 701.7007 0.02844287 4.042943e-06 0.2261184 9.699012e-07 6.902895e-06 0.0001289462 6.031402e-05 3.749354e-07 0.7452372
0.1016016 701.7641 0.02844085 4.179325e-06 0.2261132 1.000448e-06 7.278353e-06 0.0001319404 6.34006e-05 3.921237e-07 0.7452377
0.1017187 701.8298 0.02843876 4.320134e-06 0.2261079 1.031943e-06 7.672164e-06 0.0001349726 6.663258e-05 4.099685e-07 0.7452383
0.1018359 701.8979 0.02843661 4.465506e-06 0.2261025 1.064418e-06 8.085057e-06 0.0001380415 7.001586e-05 4.284853e-07 0.7452388
0.1019531 701.9685 0.02843441 4.61558e-06 0.2260969 1.097904e-06 8.517772e-06 0.0001411459 7.355652e-05 4.476895e-07 0.7452393
0.1020703 702.0416 0.02843214 4.770498e-06 0.2260911 1.132433e-06 8.971067e-06 0.0001442844 7.726081e-05 4.675962e-07 0.7452399
0.1021289 702.0791 0.02843098 4.849828e-06 0.2260881 1.150102e-06 9.205722e-06 0.0001458658 7.917674e-05 4.778184e-07 0.7452402
0.1021875 702.1173 0.0284298 4.930431e-06 0.2260851 1.16805e-06 9.445907e-06 0.0001474554 8.113692e-05 4.882265e-07 0.7452404
0.1022461 702.1563 0.02842861 5.012325e-06 0.2260821 1.18628e-06 9.691725e-06 0.0001490529 8.314224e-05 4.988224e-07 0.7452407
0.1023047 702.1959 0.02842741 5.09553e-06 0.226079 1.204798e-06 9.943281e-06 0.0001506582 8.519361e-05 5.096083e-07 0.745241
0.1023633 702.2362 0.02842618 5.180065e-06 0.2260759 1.22361e-06 1.020068e-05 0.000152271 8.729193e-05 5.205861e-07 0.7452413
0.1024219 702.2773 0.02842494 5.265951e-06 0.2260727 1.242718e-06 1.046403e-05 0.0001538912 8.943815e-05 5.317579e-07 0.7452416
0.1024805 702.3191 0.02842368 5.353207e-06 0.2260694 1.26213e-06 1.073344e-05 0.0001555184 9.16332e-05 5.431257e-07 0.7452418
0.1025391 702.3616 0.0284224 5.441854e-06 0.2260661 1.281849e-06 1.100902e-05 0.0001571525 9.387804e-05 5.546915e-07 0.7452421
0.1025977 702.4049 0.02842111 5.531913e-06 0.2260628 1.301882e-06 1.129088e-05 0.0001587933 9.617365e-05 5.664571e-07 0.7452424
0.1026563 702.449 0.02841979 5.623404e-06 0.2260594 1.322233e-06 1.157913e-05 0.0001604404 9.852101e-05 5.784246e-07 0.7452427
0.1027148 702.4938 0.02841846 5.716349e-06 0.226056 1.342908e-06 1.187388e-05 0.0001620937 0.0001009211 5.905958e-07 0.745243
0.1027734 702.5395 0.02841711 5.810769e-06 0.2260525 1.363913e-06 1.217524e-05 0.0001637529 0.000103375 6.029726e-07 0.7452433
0.102832 702.586 0.02841575 5.906686e-06 0.2260489 1.385253e-06 1.248334e-05 0.0001654178 0.0001058836 6.155569e-07 0.7452436
0.1028906 702.6333 0.02841436 6.004123e-06 0.2260454 1.406934e-06 1.279828e-05 0.000167088 0.0001084481 6.283506e-07 0.7452439
0.1029492 702.6814 0.02841295 6.103101e-06 0.2260417 1.428962e-06 1.312018e-05 0.0001687634 0.0001110695 6.413553e-07 0.7452442
0.1030078 702.7304 0.02841153 6.203644e-06 0.226038 1.451344e-06 1.344915e-05 0.0001704437 0.0001137489 6.545729e-07 0.7452445
0.1030664 702.7803 0.02841008 6.305774e-06 0.2260342 1.474084e-06 1.378533e-05 0.0001721285 0.0001164873 6.680051e-07 0.7452448
0.103125 702.831 0.02840862 6.409515e-06 0.2260304 1.49719e-06 1.412881e-05 0.0001738176 0.0001192859 6.816536e-07 0.7452451
0.1031836 702.8826 0.02840713 6.51489e-06 0.2260265 1.520668e-06 1.447974e-05 0.0001755107 0.0001221457 6.955202e-07 0.7452454
0.1032422 702.9351 0.02840563 6.621924e-06 0.2260226 1.544525e-06 1.483821e-05 0.0001772075 0.000125068 7.096064e-07 0.7452458
0.1033008 702.9886 0.0284041 6.730641e-06 0.2260186 1.568767e-06 1.520436e-05 0.0001789077 0.0001280538 7.239138e-07 0.7452461
0.1033594 703.0429 0.02840256 6.841064e-06 0.2260146 1.593401e-06 1.55783e-05 0.0001806111 0.0001311043 7.38444e-07 0.7452464
0.103418 703.0983 0.02840099 6.95322e-06 0.2260105 1.618434e-06 1.596016e-05 0.0001823172 0.0001342207 7.531986e-07 0.7452467
0.1034766 703.1546 0.0283994 7.067134e-06 0.2260063 1.643874e-06 1.635006e-05 0.0001840258 0.0001374042 7.681791e-07 0.745247
0.1035352 703.2118 0.02839779 7.18283e-06 0.2260021 1.669726e-06 1.674813e-05 0.0001857367 0.000140656 7.833869e-07 0.7452474
0.1035937 703.2701 0.02839616 7.300336e-06 0.2259978 1.696e-06 1.715449e-05 0.0001874493 0.0001439773 7.988233e-07 0.7452477
0.1036523 703.3293 0.0283945 7.419676e-06 0.2259934 1.722702e-06 1.756925e-05 0.0001891635 0.0001473693 8.144899e-07 0.745248
0.1037109 703.3896 0.02839283 7.540879e-06 0.225989 1.749841e-06 1.799256e-05 0.0001908788 0.0001508334 8.303879e-07 0.7452483
0.1037695 703.4509 0.02839113 7.66397e-06 0.2259845 1.777423e-06 1.842453e-05 0.0001925951 0.0001543707 8.465187e-07 0.7452487
0.1038281 703.5133 0.02838941 7.788977e-06 0.22598 1.805458e-06 1.886528e-05 0.0001943118 0.0001579826 8.628834e-07 0.745249
0.1038867 703.5767 0.02838766 7.915928e-06 0.2259754 1.833953e-06 1.931495e-05 0.0001960288 0.0001616704 8.794833e-07 0.7452493
0.1039453 703.6412 0.0283859 8.044851e-06 0.2259707 1.862916e-06 1.977367e-05 0.0001977455 0.0001654353 8.963196e-07 0.7452497
0.1040039 703.7068 0.0283841 8.175774e-06 0.2259659 1.892358e-06 2.024155e-05 0.0001994618 0.0001692788 9.133933e-07 0.74525
0.1040625 703.7736 0.02838229 8.308726e-06 0.2259611 1.922285e-06 2.071872e-05 0.0002011771 0.000173202 9.307056e-07 0.7452503
0.1041211 703.8414 0.02838045 8.443736e-06 0.2259562 1.952707e-06 2.120532e-05 0.0002028913 0.0001772065 9.482575e-07 0.7452507
0.1041797 703.9104 0.02837858 8.580834e-06 0.2259513 1.983633e-06 2.170146e-05 0.0002046039 0.0001812936 9.660499e-07 0.745251
0.1042383 703.9806 0.0283767 8.72005e-06 0.2259462 2.015073e-06 2.220729e-05 0.0002063145 0.0001854647 9.840837e-07 0.7452514
0.1042969 704.0519 0.02837478 8.861413e-06 0.2259411 2.047036e-06 2.272291e-05 0.0002080228 0.0001897211 1.00236e-06 0.7452517
0.1043555 704.1245 0.02837284 9.004954e-06 0.2259359 2.079531e-06 2.324847e-05 0.0002097285 0.0001940644 1.020879e-06 0.7452521
0.1044141 704.1983 0.02837088 9.150706e-06 0.2259307 2.112569e-06 2.378409e-05 0.0002114311 0.0001984959 1.039643e-06 0.7452524
0.1044727 704.2733 0.02836889 9.298698e-06 0.2259253 2.146159e-06 2.43299e-05 0.0002131303 0.0002030172 1.058651e-06 0.7452528
0.1045312 704.3495 0.02836687 9.448963e-06 0.2259199 2.180313e-06 2.488601e-05 0.0002148257 0.0002076296 1.077905e-06 0.7452531
0.1045898 704.427 0.02836483 9.601534e-06 0.2259144 2.21504e-06 2.545257e-05 0.000216517 0.0002123346 1.097404e-06 0.7452535
0.1046484 704.5058 0.02836276 9.756443e-06 0.2259089 2.250351e-06 2.60297e-05 0.0002182038 0.0002171339 1.117151e-06 0.7452539
0.104707 704.5859 0.02836066 9.913722e-06 0.2259032 2.286257e-06 2.661752e-05 0.0002198856 0.0002220288 1.137144e-06 0.7452542
0.1047656 704.6673 0.02835854 1.007341e-05 0.2258975 2.32277e-06 2.721617e-05 0.0002215622 0.0002270209 1.157386e-06 0.7452546
0.1048242 704.7501 0.02835639 1.023553e-05 0.2258917 2.359901e-06 2.782576e-05 0.0002232331 0.0002321118 1.177875e-06 0.745255
0.1048828 704.8342 0.02835421 1.040013e-05 0.2258858 2.397661e-06 2.844642e-05 0.000224898 0.000237303 1.198613e-06 0.7452553
0.1049414 704.9197 0.028352 1.056723e-05 0.2258798 2.436063e-06 2.907828e-05 0.0002265565 0.0002425962 1.2196e-06 0.7452557
0.105 705.0065 0.02834976 1.073688e-05 0.2258738 2.475118e-06 2.972147e-05 0.0002282082 0.0002479928 1.240836e-06 0.7452561
0.1050586 705.0948 0.0283475 1.09091e-05 0.2258676 2.514839e-06 3.03761e-05 0.0002298527 0.0002534946 1.262322e-06 0.7452565
0.1051172 705.1846 0.0283452 1.108394e-05 0.2258614 2.555239e-06 3.10423e-05 0.0002314897 0.0002591031 1.284058e-06 0.7452568
0.1051758 705.2757 0.02834288 1.126144e-05 0.2258551 2.596331e-06 3.17202e-05 0.0002331188 0.00026482 1.306043e-06 0.7452572
0.1052344 705.3684 0.02834053 1.144162e-05 0.2258487 2.638127e-06 3.240992e-05 0.0002347396 0.0002706469 1.328279e-06 0.7452576
0.105293 705.4625 0.02833814 1.162453e-05 0.2258422 2.680642e-06 3.311157e-05 0.0002363518 0.0002765855 1.350764e-06 0.745258
0.1053516 705.5581 0.02833573 1.18102e-05 0.2258356 2.723889e-06 3.382529e-05 0.000237955 0.0002826376 1.3735e-06 0.7452584
0.1054102 705.6553 0.02833328 1.199867e-05 0.2258289 2.767881e-06 3.455119e-05 0.0002395487 0.0002888047 1.396486e-06 0.7452588
0.1054688 705.754 0.02833081 1.218999e-05 0.2258221 2.812635e-06 3.528939e-05 0.0002411327 0.0002950887 1.419722e-06 0.7452592
0.1055859 705.9562 0.02832576 1.258127e-05 0.2258082 2.904466e-06 3.680305e-05 0.0002442704 0.0003080123 1.466945e-06 0.74526
0.1057031 706.1647 0.02832059 1.298434e-05 0.225794 2.999463e-06 3.836647e-05 0.0002473658 0.0003214139 1.51514e-06 0.7452608
0.1058203 706.3796 0.02831528 1.339954e-05 0.2257794 3.097747e-06 3.998049e-05 0.0002504164 0.0003353068 1.564303e-06 0.7452616
0.1058789 706.4896 0.02831258 1.36118e-05 0.2257719 3.148167e-06 4.080678e-05 0.000251924 0.0003424425 1.589246e-06 0.745262
0.1059375 706.6013 0.02830985 1.382724e-05 0.2257643 3.199471e-06 4.164625e-05 0.000253419 0.0003497087 1.614436e-06 0.7452624
0.1059961 706.7147 0.02830708 1.40459e-05 0.2257567 3.251675e-06 4.249899e-05 0.0002549013 0.0003571072 1.639871e-06 0.7452628
0.1060547 706.8299 0.02830427 1.426781e-05 0.2257489 3.304797e-06 4.336513e-05 0.0002563704 0.0003646399 1.665551e-06 0.7452632
0.1061133 706.9469 0.02830143 1.449303e-05 0.225741 3.358854e-06 4.424475e-05 0.0002578261 0.0003723087 1.691477e-06 0.7452637
0.1061719 707.0656 0.02829856 1.47216e-05 0.225733 3.413866e-06 4.513797e-05 0.0002592681 0.0003801154 1.717646e-06 0.7452641
0.1062305 707.1862 0.02829565 1.495356e-05 0.2257249 3.469849e-06 4.604488e-05 0.000260696 0.000388062 1.744059e-06 0.7452645
0.1062891 707.3086 0.0282927 1.518897e-05 0.2257167 3.526823e-06 4.696558e-05 0.0002621095 0.0003961503 1.770714e-06 0.7452649
0.1063477 707.4328 0.02828972 1.542786e-05 0.2257083 3.584808e-06 4.790017e-05 0.0002635084 0.0004043822 1.797612e-06 0.7452654
0.1064062 707.559 0.0282867 1.567029e-05 0.2256999 3.643822e-06 4.884874e-05 0.0002648923 0.0004127598 1.824752e-06 0.7452658
0.1064648 707.687 0.02828365 1.59163e-05 0.2256913 3.703887e-06 4.981139e-05 0.0002662611 0.000421285 1.852132e-06 0.7452662
0.1065234 707.817 0.02828055 1.616595e-05 0.2256826 3.765021e-06 5.078821e-05 0.0002676143 0.0004299596 1.879752e-06 0.7452667
0.106582 707.9489 0.02827742 1.641928e-05 0.2256738 3.827247e-06 5.17793e-05 0.0002689518 0.0004387858 1.907611e-06 0.7452671
0.1066406 708.0828 0.02827425 1.667634e-05 0.2256649 3.890585e-06 5.278473e-05 0.0002702732 0.0004477655 1.935708e-06 0.7452675
0.1066992 708.2187 0.02827105 1.693718e-05 0.2256558 3.955057e-06 5.380461e-05 0.0002715784 0.0004569007 1.964043e-06 0.745268
0.1067578 708.3566 0.0282678 1.720186e-05 0.2256467 4.020685e-06 5.483901e-05 0.000272867 0.0004661934 1.992615e-06 0.7452684
0.1068164 708.4966 0.02826451 1.747043e-05 0.2256374 4.087492e-06 5.588802e-05 0.0002741389 0.0004756457 2.021422e-06 0.7452689
0.106875 708.6386 0.02826119 1.774293e-05 0.2256279 4.155501e-06 5.695172e-05 0.0002753938 0.0004852597 2.050464e-06 0.7452693
0.1069336 708.7827 0.02825782 1.801942e-05 0.2256184 4.224734e-06 5.80302e-05 0.0002766315 0.0004950374 2.07974e-06 0.7452698
0.1069922 708.929 0.02825441 1.829995e-05 0.2256087 4.295216e-06 5.912352e-05 0.0002778518 0.0005049808 2.109249e-06 0.7452702
0.1070508 709.0773 0.02825096 1.858459e-05 0.2255989 4.366972e-06 6.023177e-05 0.0002790545 0.0005150921 2.13899e-06 0.7452707
0.1071094 709.2279 0.02824748 1.887338e-05 0.2255889 4.440025e-06 6.135503e-05 0.0002802393 0.0005253734 2.168962e-06 0.7452712
0.107168 709.3806 0.02824394 1.916638e-05 0.2255788 4.514402e-06 6.249336e-05 0.0002814062 0.0005358268 2.199164e-06 0.7452716
0.1072266 709.5355 0.02824037 1.946364e-05 0.2255686 4.590127e-06 6.364684e-05 0.0002825549 0.0005464545 2.229596e-06 0.7452721
0.1072852 709.6927 0.02823676 1.976522e-05 0.2255582 4.667228e-06 6.481554e-05 0.0002836852 0.0005572586 2.260255e-06 0.7452726
0.1073437 709.8521 0.0282331 2.007119e-05 0.2255477 4.745732e-06 6.599952e-05 0.000284797 0.0005682413 2.291142e-06 0.745273
0.1074023 710.0138 0.0282294 2.038159e-05 0.2255371 4.825664e-06 6.719885e-05 0.0002858902 0.0005794047 2.322255e-06 0.7452735
0.1074609 710.1778 0.02822565 2.069649e-05 0.2255263 4.907054e-06 6.84136e-05 0.0002869646 0.0005907511 2.353593e-06 0.745274
0.1075195 710.3442 0.02822186 2.101594e-05 0.2255153 4.98993e-06 6.964382e-05 0.00028802 0.0006022826 2.385155e-06 0.7452745
0.1075781 710.5129 0.02821802 2.134001e-05 0.2255042 5.074321e-06 7.088958e-05 0.0002890564 0.0006140016 2.41694e-06 0.745275
0.1076367 710.684 0.02821414 2.166876e-05 0.225493 5.160255e-06 7.215093e-05 0.0002900736 0.0006259101 2.448947e-06 0.7452754
0.1076953 710.8575 0.02821022 2.200225e-05 0.2254816 5.247764e-06 7.342794e-05 0.0002910716 0.0006380106 2.481175e-06 0.7452759
0.1077539 711.0334 0.02820625 2.234054e-05 0.2254701 5.336878e-06 7.472065e-05 0.0002920502 0.0006503052 2.513624e-06 0.7452764
0.1078125 711.2118 0.02820223 2.268369e-05 0.2254584 5.427628e-06 7.602912e-05 0.0002930094 0.0006627963 2.546291e-06 0.7452769
0.1078711 711.3927 0.02819817 2.303177e-05 0.2254465 5.520045e-06 7.73534e-05 0.0002939491 0.0006754861 2.579176e-06 0.7452774
0.1079297 711.5761 0.02819405 2.338485e-05 0.2254345 5.614163e-06 7.869354e-05 0.0002948692 0.000688377 2.612279e-06 0.7452779
0.1079883 711.762 0.02818989 2.374298e-05 0.2254223 5.710015e-06 8.004958e-05 0.0002957696 0.0007014712 2.645597e-06 0.7452784
0.1080469 711.9505 0.02818569 2.410624e-05 0.22541 5.807634e-06 8.142157e-05 0.0002966504 0.0007147712 2.679131e-06 0.7452789
0.1081055 712.1416 0.02818143 2.447468e-05 0.2253975 5.907054e-06 8.280956e-05 0.0002975114 0.0007282792 2.712878e-06 0.7452794
0.1081641 712.3353 0.02817712 2.484839e-05 0.2253848 6.008311e-06 8.421358e-05 0.0002983527 0.0007419977 2.746838e-06 0.7452799
0.1082227 712.5317 0.02817277 2.522743e-05 0.2253719 6.111439e-06 8.563367e-05 0.0002991743 0.0007559291 2.781011e-06 0.7452804
0.1082812 712.7307 0.02816836 2.561186e-05 0.2253589 6.216477e-06 8.706988e-05 0.0002999761 0.0007700757 2.815394e-06 0.745281
0.1083398 712.9324 0.02816391 2.600175e-05 0.2253457 6.32346e-06 8.852224e-05 0.0003007581 0.0007844399 2.849987e-06 0.7452815
0.1083984 713.1369 0.0281594 2.639718e-05 0.2253324 6.432426e-06 8.999078e-05 0.0003015203 0.0007990243 2.884789e-06 0.745282
0.108457 713.344 0.02815484 2.679823e-05 0.2253188 6.543413e-06 9.147554e-05 0.0003022629 0.0008138312 2.9198e-06 0.7452825
0.1085156 713.554 0.02815023 2.720495e-05 0.2253051 6.656462e-06 9.297655e-05 0.0003029857 0.0008288632 2.955017e-06 0.745283
0.1085742 713.7668 0.02814557 2.761742e-05 0.2252912 6.771612e-06 9.449383e-05 0.0003036888 0.0008441226 2.99044e-06 0.7452836
0.1086328 713.9824 0.02814086 2.803572e-05 0.2252771 6.888903e-06 9.602742e-05 0.0003043723 0.000859612 3.026069e-06 0.7452841
0.1086914 714.2009 0.02813609 2.845993e-05 0.2252628 7.008377e-06 9.757734e-05 0.0003050363 0.0008753339 3.061902e-06 0.7452846
0.10875 714.4222 0.02813126 2.889011e-05 0.2252483 7.130076e-06 9.914361e-05 0.0003056807 0.0008912909 3.097937e-06 0.7452852
0.1088086 714.6465 0.02812639 2.932634e-05 0.2252337 7.254044e-06 0.0001007263 0.0003063057 0.0009074854 3.134176e-06 0.7452857
0.1088672 714.8737 0.02812146 2.976871e-05 0.2252188 7.380323e-06 0.0001023253 0.0003069113 0.00092392 3.170615e-06 0.7452862
0.1089258 715.1039 0.02811647 3.021728e-05 0.2252038 7.50896e-06 0.0001039408 0.0003074976 0.0009405974 3.207255e-06 0.7452868
0.1089844 715.3371 0.02811143 3.067215e-05 0.2251885 7.639999e-06 0.0001055727 0.0003080648 0.0009575201 3.244094e-06 0.7452873
0.109043 715.5733 0.02810633 3.113338e-05 0.2251731 7.773487e-06 0.0001072211 0.0003086129 0.0009746907 3.281131e-06 0.7452879
0.1091016 715.8126 0.02810117 3.160106e-05 0.2251574 7.909471e-06 0.0001088859 0.000309142 0.0009921118 3.318366e-06 0.7452884
0.1091602 716.0549 0.02809596 3.207527e-05 0.2251416 8.047999e-06 0.0001105672 0.0003096522 0.001009786 3.355797e-06 0.745289
0.1092187 716.3004 0.02809069 3.255609e-05 0.2251255 8.18912e-06 0.000112265 0.0003101438 0.001027716 3.393424e-06 0.7452895
0.1092773 716.549 0.02808536 3.304361e-05 0.2251093 8.332885e-06 0.0001139793 0.0003106167 0.001045905 3.431246e-06 0.7452901
0.1093359 716.8008 0.02807997 3.35379e-05 0.2250928 8.479343e-06 0.0001157101 0.0003110711 0.001064355 3.469261e-06 0.7452906
0.1093945 717.0558 0.02807453 3.403906e-05 0.2250761 8.628549e-06 0.0001174575 0.0003115073 0.001083068 3.507469e-06 0.7452912
0.1094531 717.314 0.02806902 3.454717e-05 0.2250591 8.780553e-06 0.0001192214 0.0003119252 0.001102049 3.545868e-06 0.7452918
0.1095117 717.5755 0.02806345 3.506232e-05 0.225042 8.93541e-06 0.0001210018 0.0003123251 0.001121299 3.584458e-06 0.7452923
0.1095703 717.8402 0.02805782 3.558459e-05 0.2250247 9.093176e-06 0.0001227988 0.0003127072 0.001140821 3.623238e-06 0.7452929
0.1096289 718.1083 0.02805213 3.611408e-05 0.2250071 9.253905e-06 0.0001246123 0.0003130715 0.001160617 3.662206e-06 0.7452935
0.1096875 718.3797 0.02804638 3.665087e-05 0.2249893 9.417655e-06 0.0001264423 0.0003134183 0.001180692 3.701362e-06 0.745294
0.1097461 718.6545 0.02804057 3.719505e-05 0.2249712 9.584484e-06 0.0001282889 0.0003137478 0.001201047 3.740704e-06 0.7452946
0.1098047 718.9327 0.02803469 3.774672e-05 0.2249529 9.754451e-06 0.000130152 0.0003140601 0.001221686 3.780232e-06 0.7452952
0.1098633 719.2143 0.02802875 3.830597e-05 0.2249344 9.927618e-06 0.0001320317 0.0003143553 0.001242611 3.819944e-06 0.7452958
0.1099219 719.4994 0.02802275 3.887288e-05 0.2249157 1.010404e-05 0.0001339279 0.0003146338 0.001263824 3.859838e-06 0.7452964
0.1099805 719.788 0.02801668 3.944756e-05 0.2248967 1.028379e-05 0.0001358407 0.0003148956 0.00128533 3.899915e-06 0.7452969
0.1100391 720.0801 0.02801054 4.003011e-05 0.2248774 1.046693e-05 0.0001377699 0.000315141 0.001307131 3.940173e-06 0.7452975
0.1100977 720.3758 0.02800434 4.062061e-05 0.224858 1.065351e-05 0.0001397157 0.0003153702 0.00132923 3.98061e-06 0.7452981
0.1101562 720.675 0.02799808 4.121916e-05 0.2248382 1.084362e-05 0.0001416781 0.0003155833 0.001351629 4.021225e-06 0.7452987
0.1102148 720.9779 0.02799174 4.182586e-05 0.2248183 1.103731e-05 0.0001436569 0.0003157806 0.001374332 4.062017e-06 0.7452993
0.1102734 721.2844 0.02798534 4.244082e-05 0.224798 1.123465e-05 0.0001456522 0.0003159622 0.001397342 4.102985e-06 0.7452999
0.110332 721.5946 0.02797887 4.306412e-05 0.2247775 1.143572e-05 0.000147664 0.0003161285 0.001420662 4.144127e-06 0.7453005
0.1103906 721.9085 0.02797234 4.369588e-05 0.2247568 1.164059e-05 0.0001496923 0.0003162794 0.001444294 4.185441e-06 0.7453011
0.1104492 722.2261 0.02796573 4.433619e-05 0.2247358 1.184932e-05 0.0001517371 0.0003164154 0.001468243 4.226927e-06 0.7453017
0.1105078 722.5475 0.02795905 4.498517e-05 0.2247145 1.2062e-05 0.0001537983 0.0003165366 0.00149251 4.268583e-06 0.7453023
0.110625 723.2017 0.02794549 4.630938e-05 0.2246711 1.249941e-05 0.00015797 0.0003167351 0.00154201 4.352398e-06 0.7453035
0.1106836 723.5345 0.0279386 4.698489e-05 0.224649 1.272427e-05 0.00016008 0.0003168137 0.001567242 4.394546e-06 0.7453041
0.1107422 723.8712 0.02793164 4.766948e-05 0.2246266 1.295338e-05 0.0001622065 0.0003168783 0.001592805 4.436856e-06 0.7453048
0.1108008 724.2118 0.02792461 4.836326e-05 0.224604 1.318683e-05 0.0001643493 0.0003169291 0.001618702 4.479328e-06 0.7453054
0.1108594 724.5563 0.0279175 4.906633e-05 0.2245811 1.342469e-05 0.0001665084 0.0003169665 0.001644937 4.521958e-06 0.745306
0.110918 724.9049 0.02791032 4.977881e-05 0.2245579 1.366705e-05 0.0001686839 0.0003169905 0.001671512 4.564745e-06 0.7453066
0.1109766 725.2574 0.02790307 5.050081e-05 0.2245344 1.391399e-05 0.0001708756 0.0003170015 0.001698431 4.607686e-06 0.7453072
0.1110937 725.9746 0.02788834 5.19737e-05 0.2244865 1.442191e-05 0.0001753079 0.0003169847 0.001753309 4.694026e-06 0.7453085
0.1112109 726.708 0.0278733 5.348583e-05 0.2244374 1.494892e-05 0.0001798041 0.0003169192 0.001809572 4.780941e-06 0.7453098
0.1113281 727.4578 0.02785796 5.503814e-05 0.2243872 1.549575e-05 0.0001843638 0.0003168069 0.001867243 4.868411e-06 0.745311
0.1114453 728.2242 0.0278423 5.663156e-05 0.2243358 1.606314e-05 0.0001889868 0.0003166492 0.001926347 4.956412e-06 0.7453123
0.1115625 729.0074 0.02782633 5.826704e-05 0.2242831 1.665186e-05 0.0001936728 0.000316448 0.001986907 5.044921e-06 0.7453136
0.1116797 729.8078 0.02781003 5.994557e-05 0.2242292 1.726272e-05 0.0001984214 0.0003162047 0.002048948 5.133911e-06 0.7453148
0.1117969 730.6254 0.02779341 6.166812e-05 0.224174 1.789653e-05 0.0002032322 0.0003159211 0.002112493 5.223353e-06 0.7453161
0.1119141 731.4607 0.02777645 6.343571e-05 0.2241176 1.855417e-05 0.0002081048 0.0003155987 0.002177567 5.313217e-06 0.7453174
0.1120312 732.3136 0.02775916 6.524936e-05 0.2240598 1.923653e-05 0.0002130387 0.0003152391 0.002244195 5.403471e-06 0.7453187
0.1120898 732.7469 0.02775038 6.617386e-05 0.2240304 1.958732e-05 0.0002155284 0.0003150458 0.002278101 5.44873e-06 0.7453193
0.1121484 733.1847 0.02774152 6.711032e-05 0.2240006 1.994475e-05 0.0002180336 0.0003148436 0.002312412 5.494076e-06 0.74532
0.112207 733.6272 0.02773257 6.805887e-05 0.2239706 2.030894e-05 0.0002205541 0.0003146325 0.002347132 5.539503e-06 0.7453206
0.1122656 734.0743 0.02772353 6.901965e-05 0.2239401 2.068002e-05 0.0002230898 0.0003144128 0.002382265 5.585006e-06 0.7453213
0.1123242 734.5261 0.02771441 6.999281e-05 0.2239093 2.105812e-05 0.0002256407 0.0003141847 0.002417814 5.630581e-06 0.7453219
0.1123828 734.9826 0.02770519 7.097846e-05 0.2238782 2.144338e-05 0.0002282068 0.0003139482 0.002453783 5.676222e-06 0.7453226
0.1124414 735.4439 0.02769588 7.197676e-05 0.2238467 2.183593e-05 0.0002307879 0.0003137036 0.002490175 5.721923e-06 0.7453232
0.1125 735.91 0.02768649 7.298785e-05 0.2238148 2.223591e-05 0.0002333839 0.000313451 0.002526993 5.76768e-06 0.7453239
0.1125586 736.3808 0.027677 7.401185e-05 0.2237826 2.264346e-05 0.0002359949 0.0003131905 0.002564241 5.813486e-06 0.7453245
0.1126172 736.8565 0.02766742 7.504892e-05 0.22375 2.305873e-05 0.0002386206 0.0003129224 0.002601923 5.859335e-06 0.7453252
0.1126758 737.337 0.02765774 7.60992e-05 0.223717 2.348186e-05 0.0002412612 0.0003126467 0.002640042 5.905222e-06 0.7453258
0.1127344 737.8225 0.02764798 7.716283e-05 0.2236836 2.3913e-05 0.0002439163 0.0003123637 0.002678602 5.95114e-06 0.7453265
0.112793 738.3129 0.02763812 7.823996e-05 0.2236499 2.435231e-05 0.000246586 0.0003120733 0.002717607 5.997082e-06 0.7453271
0.1128516 738.8082 0.02762816 7.933073e-05 0.2236158 2.479994e-05 0.0002492702 0.0003117759 0.002757059 6.043043e-06 0.7453278
0.1129102 739.3085 0.02761811 8.043529e-05 0.2235813 2.525604e-05 0.0002519688 0.0003114714 0.002796964 6.089014e-06 0.7453284
0.1129687 739.8138 0.02760796 8.155378e-05 0.2235464 2.572079e-05 0.0002546817 0.0003111601 0.002837324 6.13499e-06 0.7453291
0.1130273 740.3242 0.02759771 8.268637e-05 0.2235111 2.619434e-05 0.0002574088 0.0003108421 0.002878142 6.180963e-06 0.7453297
0.1130859 740.8396 0.02758737 8.383319e-05 0.2234754 2.667687e-05 0.00026015 0.0003105174 0.002919424 6.226925e-06 0.7453304
0.1131445 741.3602 0.02757693 8.49944e-05 0.2234394 2.716853e-05 0.0002629053 0.0003101863 0.002961172 6.27287e-06 0.745331
0.1132031 741.8858 0.02756639 8.617015e-05 0.2234029 2.766952e-05 0.0002656744 0.0003098487 0.003003391 6.318789e-06 0.7453317
0.1132617 742.4166 0.02755575 8.73606e-05 0.223366 2.818e-05 0.0002684573 0.0003095049 0.003046083 6.364675e-06 0.7453323
0.1133203 742.9526 0.02754501 8.85659e-05 0.2233287 2.870016e-05 0.0002712539 0.0003091549 0.003089254 6.410519e-06 0.745333
0.1133789 743.4938 0.02753417 8.97862e-05 0.223291 2.923018e-05 0.0002740642 0.0003087988 0.003132905 6.456313e-06 0.7453336
0.1134375 744.0403 0.02752322 9.102167e-05 0.2232529 2.977026e-05 0.0002768879 0.0003084368 0.003177042 6.502048e-06 0.7453343
0.1134961 744.592 0.02751217 9.227245e-05 0.2232143 3.032057e-05 0.000279725 0.0003080689 0.003221669 6.547717e-06 0.7453349
0.1135547 745.149 0.02750103 9.353872e-05 0.2231753 3.088132e-05 0.0002825753 0.0003076952 0.003266788 6.59331e-06 0.7453356
0.1136133 745.7113 0.02748977 9.482062e-05 0.223136 3.14527e-05 0.0002854388 0.0003073159 0.003312404 6.638817e-06 0.7453362
0.1136719 746.279 0.02747841 9.611833e-05 0.2230961 3.203493e-05 0.0002883154 0.0003069309 0.003358521 6.684231e-06 0.7453369
0.1137305 746.8521 0.02746695 9.743199e-05 0.2230559 3.26282e-05 0.0002912048 0.0003065404 0.003405142 6.729541e-06 0.7453375
0.1137891 747.4306 0.02745538 9.876179e-05 0.2230152 3.323273e-05 0.000294107 0.0003061445 0.003452272 6.774738e-06 0.7453381
0.1139062 748.6038 0.02743192 0.0001014702 0.2229325 3.447618e-05 0.0002999495 0.0003053366 0.003548067 6.864762e-06 0.7453394
0.1140234 749.7986 0.02740802 0.0001042448 0.222848 3.576651e-05 0.0003058408 0.0003045084 0.003645903 6.954229e-06 0.7453407
0.1141406 751.0152 0.0273837 0.0001070869 0.2227618 3.710548e-05 0.0003117799 0.0003036605 0.003745805 7.043058e-06 0.745342
0.1142578 752.2538 0.02735892 0.0001099979 0.2226738 3.84949e-05 0.0003177658 0.0003027933 0.003847803 7.131168e-06 0.7453433
0.114375 753.5146 0.0273337 0.0001129791 0.222584 3.993666e-05 0.0003237973 0.0003019074 0.003951925 7.218473e-06 0.7453445
0.1144922 754.7976 0.02730803 0.0001160319 0.2224923 4.143272e-05 0.0003298733 0.0003010033 0.004058199 7.304888e-06 0.7453458
0.1146094 756.1032 0.02728189 0.0001191576 0.2223988 4.29851e-05 0.0003359927 0.0003000813 0.004166652 7.390323e-06 0.745347
0.1147266 757.4314 0.02725529 0.0001223578 0.2223034 4.459589e-05 0.0003421541 0.000299142 0.004277313 7.47469e-06 0.7453483
0.1148437 758.7824 0.02722822 0.0001256338 0.2222061 4.626726e-05 0.0003483566 0.0002981857 0.004390211 7.557896e-06 0.7453495
0.1149609 760.1564 0.02720067 0.000128987 0.2221069 4.800146e-05 0.0003545987 0.0002972127 0.004505372 7.639848e-06 0.7453506
0.1150781 761.5535 0.02717263 0.0001324189 0.2220057 4.980081e-05 0.0003608793 0.0002962235 0.004622826 7.720451e-06 0.7453518
0.1151953 762.9739 0.0271441 0.000135931 0.2219025 5.16677e-05 0.0003671972 0.0002952183 0.0047426 7.79961e-06 0.745353
0.1153125 764.4176 0.02711507 0.0001395247 0.2217974 5.360463e-05 0.000373551 0.0002941975 0.004864722 7.877229e-06 0.7453541
0.1154297 765.8849 0.02708555 0.0001432015 0.2216902 5.561416e-05 0.0003799395 0.0002931613 0.00498922 7.953211e-06 0.7453552
0.1155469 767.3758 0.02705551 0.0001469629 0.221581 5.769895e-05 0.0003863614 0.0002921101 0.005116122 8.02746e-06 0.7453562
0.1156055 768.1302 0.02704029 0.0001488759 0.2215256 5.877061e-05 0.0003895844 0.0002915789 0.005180485 8.063898e-06 0.7453568
0.1156641 768.8905 0.02702495 0.0001508107 0.2214697 5.986243e-05 0.0003928154 0.000291044 0.005245472 8.099855e-06 0.7453573
0.1157227 769.657 0.02700948 0.0001527676 0.2214132 6.09748e-05 0.0003960543 0.0002905054 0.005311086 8.135319e-06 0.7453578
0.1157812 770.4295 0.02699387 0.0001547466 0.2213562 6.210809e-05 0.0003993009 0.0002899631 0.005377332 8.170275e-06 0.7453583
0.1158398 771.2081 0.02697813 0.0001567481 0.2212987 6.326268e-05 0.000402555 0.0002894172 0.005444213 8.204712e-06 0.7453588
0.1158984 771.9928 0.02696226 0.0001587721 0.2212406 6.443896e-05 0.0004058164 0.0002888676 0.005511733 8.238617e-06 0.7453592
0.115957 772.7837 0.02694625 0.0001608189 0.221182 6.563735e-05 0.0004090851 0.0002883145 0.005579896 8.271976e-06 0.7453597
0.1160156 773.5806 0.0269301 0.0001628887 0.2211228 6.685823e-05 0.0004123609 0.0002877578 0.005648707 8.304778e-06 0.7453602
0.1160742 774.3837 0.02691383 0.0001649816 0.2210631 6.810203e-05 0.0004156436 0.0002871975 0.00571817 8.337009e-06 0.7453606
0.1161328 775.193 0.02689741 0.000167098 0.2210028 6.936916e-05 0.0004189331 0.0002866338 0.005788287 8.368657e-06 0.7453611
0.1161914 776.0084 0.02688085 0.0001692379 0.220942 7.066005e-05 0.0004222292 0.0002860666 0.005859065 8.399709e-06 0.7453615
0.11625 776.83 0.02686416 0.0001714015 0.2208806 7.197513e-05 0.0004255317 0.0002854959 0.005930506 8.430153e-06 0.7453619
0.1163086 777.6578 0.02684733 0.0001735891 0.2208186 7.331484e-05 0.0004288406 0.0002849218 0.006002614 8.459977e-06 0.7453623
0.1163672 778.4918 0.02683036 0.0001758009 0.2207561 7.467964e-05 0.0004321557 0.0002843444 0.006075395 8.489169e-06 0.7453627
0.1164258 779.3321 0.02681324 0.000178037 0.2206929 7.606997e-05 0.0004354769 0.0002837635 0.006148851 8.517715e-06 0.7453631
0.1164844 780.1785 0.02679599 0.0001802977 0.2206292 7.74863e-05 0.000438804 0.0002831794 0.006222988 8.545605e-06 0.7453635
0.116543 781.0312 0.02677859 0.0001825831 0.220565 7.89291e-05 0.0004421369 0.0002825919 0.006297809 8.572826e-06 0.7453638
0.1166016 781.8902 0.02676105 0.0001848935 0.2205001 8.039885e-05 0.0004454755 0.0002820012 0.006373319 8.599367e-06 0.7453642
0.1166602 782.7554 0.02674336 0.000187229 0.2204346 8.189602e-05 0.0004488196 0.0002814072 0.006449521 8.625215e-06 0.7453645
0.1167187 783.6269 0.02672553 0.0001895899 0.2203686 8.342113e-05 0.0004521691 0.0002808101 0.00652642 8.650361e-06 0.7453648
0.1167773 784.5047 0.02670755 0.0001919763 0.2203019 8.497467e-05 0.0004555239 0.0002802097 0.006604021 8.674792e-06 0.7453651
0.1168359 785.3887 0.02668942 0.0001943885 0.2202347 8.655714e-05 0.0004588839 0.0002796062 0.006682327 8.698497e-06 0.7453654
0.1168945 786.279 0.02667115 0.0001968267 0.2201668 8.816907e-05 0.000462249 0.0002789996 0.006761342 8.721465e-06 0.7453657
