M = 0.29517
rho = 0.000448894
v = 657.549
T = 2365.29
