M = 0.234299
rho = 0.000476273
v = 491.943
T = 2078.41
