M = 0.335403
rho = 0.000413726
v = 810.688
T = 2544.76
