M = 0.340257
rho = 0.000403313
v = 843.653
T = 2533.48
