M = 0.338452
rho = 0.000375295
v = 901.829
T = 2438.84
