M = 0.326871
rho = 0.000424755
v = 769.553
T = 2524.87
