M = 0.33395
rho = 0.000366895
v = 910.206
T = 2402.79
