M = 0.328183
rho = 0.000358906
v = 914.398
T = 2366.88
