M = 0.31399
rho = 0.000436456
v = 719.407
T = 2468.63
