M = 0.269406
rho = 0.000462139
v = 582.956
T = 2239.82
