M = 0.234325
rho = 0.000476273
v = 491.998
T = 2081.62
