M = 0.321407
rho = 0.000351299
v = 914.91
T = 2342.37
