M = 0.32826
rho = 0.000358906
v = 914.615
T = 2376.7
