M = 0.338549
rho = 0.000375295
v = 902.087
T = 2445.94
