M = 0.341361
rho = 0.00038414
v = 888.635
T = 2479.96
