M = 0.211106
rho = 0.00084951
v = 248.503
T = 2128.2
